40,Christopher Sutton,"1393 Melissa Manors\nSouth Briannaland, NH 31394",melissa14@example.org
42,Sandra Smith,"433 Allen Oval Suite 294\nDwayneville, IL 31411",jenniferrios@example.net
59,Renee Rosales,"539 Salinas Bridge Suite 809\nBradleyhaven, PW 37752",zrhodes@example.org
61,Zachary Parker,"37679 Clay Tunnel Apt. 015\nNew Justin, OR 48175",andrew17@example.com
64,Dr. Bailey Rodriguez,"900 Melissa Forest Apt. 045\nSouth Chase, SD 30906",amy96@example.com
74,Sandra Wilson,Unit 7207 Box 7446\nDPO AA 32837,campbelljeffrey@example.net
85,Stacy Pennington,"34918 Bailey Lane Suite 328\nEast Ashley, AR 49821",jacobhunt@example.net
96,Derrick Hernandez,"39207 Christian Plain Suite 323\nNew Heather, WI 94988",bsmith@example.net
98,Ashlee Wilson,"127 Harris Prairie\nNicoleberg, NE 39377",foleycynthia@example.org
113,Sandra Ramirez,"725 Alison Fork Apt. 586\nWest Patrick, WY 39296",twilliams@example.org
123,Teresa Powell,"5113 Rachel Mews Suite 569\nSouth Cathy, WV 38306",kristina06@example.com
125,Jason Smith,"PSC 5239, Box 8047\nAPO AP 36806",michaelnelson@example.org
140,Misty Smith,"32755 Jefferson Lodge Apt. 002\nClayview, WI 32569",carpenterjohn@example.net
154,Mark Peterson,"30642 Eric Junction Apt. 020\nPort Ashley, HI 60619",brendayork@example.com
163,Hailey Thornton,"39990 Moss Drives Apt. 189\nEast Rachelchester, IN 39746",romerojose@example.com
167,Jordan Fisher,"31533 Sarah Courts\nNorth Rebecca, ID 80787",jonathanrichardson@example.org
173,Luis Rodriguez,USNS Fleming\nFPO AE 31145,emilyhinton@example.net
181,Anthony Davis,"1480 Leslie Canyon\nMoralesshire, PW 31435",alvaradojustin@example.com
206,Robert Thompson,"PSC 1831, Box 1135\nAPO AA 32449",wbarnes@example.net
224,Tyler Owens,"8040 Mcdonald Radial Apt. 949\nClarkchester, LA 36699",taylor67@example.net
235,Charles Collier,"7538 Chad Summit Apt. 710\nEast Emily, IL 31497",olsonjustin@example.com
239,Matthew Horton,"31551 Lee Crescent\nRamirezhaven, OR 53785",lori34@example.org
246,Jeffrey Jones,"6137 Vargas Circle\nCarlosfort, FL 33534",amymurphy@example.com
253,Belinda Reynolds,"2194 Loretta Tunnel Suite 058\nPort Calvinside, AR 36458",ashleycallahan@example.com
264,Belinda Bryant,"6497 David Plains Suite 242\nBentonton, IN 36266",christina40@example.com
266,Marissa Johnson,"34198 Alicia Streets Apt. 348\nSouth Elizabeth, TN 37375",ericbuck@example.com
280,Brenda Campbell,"32122 Young Crest Apt. 463\nBennettmouth, RI 31988",amalone@example.org
294,Mr. Jerry Nash,"32848 Gallegos Course\nWilliamsshire, DE 52620",andersonchristine@example.net
302,Kyle Davenport,"9581 Mary Garden Suite 162\nSouth Nicholas, PR 32577",qdurham@example.com
324,Jonathan Harris,"31410 Smith Ramp\nNew Jason, IA 60947",fhowe@example.org
335,Brian White,"447 Ashley Mount\nLouishaven, AS 38864",robert72@example.org
342,Joshua Kennedy,"39079 Melinda Centers\nWest Ginaberg, MS 12316",ldavis@example.com
343,Christopher Mathews,"820 Davis Plains\nWest Aaron, WA 37105",fvazquez@example.net
359,Kimberly Jones,"37073 Samuel Plains\nWest Robertton, WI 95157",austinscott@example.com
365,Melinda Berger,"38522 Scott Vista Suite 551\nMcintoshstad, WI 05012",cbarton@example.net
403,Michelle Harris,"39520 Stanley Haven Apt. 041\nPort Ryan, PA 59313",katrinajones@example.org
420,Jacqueline Ortiz,"37012 Powell Forges\nLittlefurt, IA 63304",xjohnson@example.org
422,Madeline Brown,"1239 Charles Burg\nJoshualand, PR 31887",paullisa@example.com
430,Gloria Marshall,"33697 Jackson Hills Apt. 322\nBeasleyhaven, LA 20331",stephanie89@example.com
433,Rebecca Tucker,Unit 2903 Box 8183\nDPO AA 32126,kayla81@example.net
459,Debra Lowe,"516 Suzanne Points Suite 920\nEast Garystad, IA 30508",lrichardson@example.org
467,Robert Castro,"816 Justin Stravenue\nSouth Kimberlyview, AL 39585",william29@example.org
468,Betty Bray,Unit 6463 Box 7467\nDPO AE 38400,deannavance@example.com
469,David Campos,"417 Mcfarland Light\nEast Ericmouth, MI 34810",johnellis@example.org
470,Theresa Franklin,"024 Barnett View Suite 579\nPort Marcusborough, CA 34879",destrada@example.org
473,Holly Conrad,"32554 Munoz Lights Apt. 669\nPort Ronald, AR 70312",morrisrachel@example.com
491,Rebecca Monroe,"5976 Nathan Center\nSouth Douglastown, IA 34147",nelsonjeremiah@example.org
496,Victor Fleming,"175 Kenneth Alley Apt. 002\nMurraymouth, ND 38170",alan20@example.com
508,John Sanchez,"38506 Brown Stravenue Suite 565\nWest Coreyburgh, DC 28559",danielmcdonald@example.org
518,Mrs. Cassandra Smith,"3548 Chad Drive\nTashaland, VI 39594",mitchellandrew@example.com
520,Kevin Goodman,"31919 Jose Isle\nPort Jose, OH 17697",ipearson@example.com
523,Joshua Duran,"0170 Carlson Mill\nWest Catherineburgh, CT 37537",janet87@example.net
525,Nicole Chan,"37130 Russell Spring\nWilliamsstad, IA 05286",bellcarl@example.com
537,Anthony Shepherd,"PSC 8106, Box 1835\nAPO AE 31233",sflores@example.org
574,Jerry Russell,"33449 Mckay Row\nAmyborough, GA 74570",rmartin@example.net
579,Ruben Compton,"9268 Rogers Lodge\nPort Davidland, WI 36550",martinezjennifer@example.net
586,Amanda Long,"357 Murphy Corner Apt. 851\nNorth Linda, NM 34735",oscar29@example.net
588,Katherine Porter,"36748 John Field\nPowellview, KS 47105",xlarsen@example.com
602,Joshua Baldwin,"103 Smith Fork Suite 889\nSouth Robert, MI 38731",susanadkins@example.com
606,Ashley Marquez,"410 Ramos Ferry\nSouth Vickiside, IN 31739",william55@example.net
623,Sierra Ray,USNV Schaefer\nFPO AP 36123,hannah48@example.org
626,Richard Kaiser,"34833 Thomas Island Suite 262\nWest Destiny, AS 34802",ccollins@example.com
630,Kevin Jones,"3672 Wood Prairie\nMarkton, NY 36927",msantana@example.org
636,Theodore Robinson,"2055 Julie Dale Suite 917\nPort Levi, OH 38927",jchandler@example.org
641,Kristine Watts,Unit 6878 Box 4569\nDPO AP 33806,mramirez@example.com
667,Samuel Lee,"38691 Seth Extensions Apt. 476\nNorth Derekhaven, NY 36263",kathrynlozano@example.net
674,Dr. Adam Bean,"6980 Christine Gardens Suite 015\nBlackside, PR 36421",greenandrea@example.net
690,Mrs. Victoria Peck,"33221 Shane Grove Suite 661\nWilliamport, IL 07235",ashleymiles@example.com
703,David Cummings,Unit 6398 Box 7707\nDPO AP 38344,wmyers@example.net
731,Nicole Anderson,"33588 Brock Ridges\nNew Loriburgh, RI 71856",iphillips@example.com
742,Cody Owens,"39861 Spencer Place Suite 208\nEast Tinashire, KY 19550",angiecarter@example.org
743,Christy Nielsen,"34381 Simpson Lights Apt. 668\nJeffreymouth, WI 39888",robertsonheather@example.com
744,Stefanie Allen,"740 David Mews Suite 621\nGreenberg, AL 30011",trichardson@example.com
746,Elizabeth Johnson,"37521 Ronnie Ford\nSouth Jennifershire, LA 96823",ymoody@example.net
752,Hannah Hansen,"785 Cynthia Ville Apt. 464\nPort Jimmyville, MD 36057",malvarez@example.net
769,Aaron Cochran,"36944 Acosta Meadow Apt. 796\nPort Jeremyview, SC 96163",cindy67@example.net
770,Jeff Taylor,"PSC 4280, Box 8371\nAPO AE 36140",lyonsaaron@example.org
783,Julie Webb,"38743 Sims Rapids\nAndersonfurt, AL 95430",langamanda@example.org
803,Justin Patterson,"35533 Brandon Port\nSouth Lisa, SC 06975",wendy00@example.net
804,Anthony Winters,USNV Johnson\nFPO AE 39773,roberttaylor@example.com
812,Ashley Hernandez,"7574 Thomas Manors Apt. 213\nJoshuaburgh, NV 30732",hardinglinda@example.com
840,Charles Payne,"39163 Philip Lodge Apt. 776\nJessicabury, MN 71369",bkemp@example.net
844,Eddie Rogers,"294 Smith Falls\nWest Brettview, WA 37304",scottjasmine@example.org
851,Scott Greene,"682 Gregory Burgs\nSouth Monica, WV 32560",alexanderbaker@example.net
856,Ashley Mcdaniel,"7278 Tyrone Court Suite 642\nRobinsonshire, ID 38435",patriciacowan@example.org
858,Rita Hernandez,"30831 Shelly Camp\nNorth Lindsayville, WV 31640",brandonkemp@example.net
860,Mary Francis,"8025 Heather Tunnel Suite 717\nMcdanielland, AL 34380",hebertlucas@example.net
871,Nicholas Cole,"703 Sabrina Curve Suite 771\nNorth Ryan, AR 34982",zunigamary@example.net
913,Eric Suarez,"5030 Gibson Shoal Suite 356\nMillerland, WI 31244",isabellagarcia@example.org
915,Emma Reid,"0653 Kayla Underpass Suite 327\nEast Christopher, NC 35884",belliott@example.com
941,John Dominguez,"9731 Nathaniel Forges Suite 699\nAndersonchester, VT 38992",sbenjamin@example.com
956,Judy Gamble,"3027 Gail Gardens Apt. 145\nSteventown, NH 39488",xcampbell@example.net
958,Mary Hunt,"37379 Catherine Stream\nLake Emilyhaven, CT 81785",perezapril@example.com
977,Heather Jones,"38286 Julia Estate\nNorth Carolview, CT 42622",joshua06@example.net
979,William Palmer,"507 Santiago Manor Apt. 406\nNorth Monicaburgh, WA 31137",daniel57@example.com
1009,Michelle Padilla,"697 Shirley Course Apt. 416\nChristophertown, NH 37951",jenniferduffy@example.com
1015,Kelly Stephenson,"684 Gregory Junction Suite 656\nRobinsonstad, CA 35891",tsmith@example.net
1018,Loretta Bruce,Unit 0436 Box 5110\nDPO AE 36652,jonathan26@example.net
1034,Sherry Pratt,"PSC 5424, Box 8594\nAPO AE 30811",rstewart@example.net
1040,Devin Flores,"3590 William Roads Apt. 975\nWest Chloestad, NH 30581",micheleshelton@example.org
1047,Tyler Dougherty,"293 Roberts Stream Apt. 131\nWest Susan, NE 30872",marvinross@example.com
1050,Lisa Daniels,"34381 Obrien Isle\nWest Jane, FL 84191",fwang@example.org
1051,Valerie Williams,"914 Bowen Drives Suite 692\nErinfurt, TN 33855",johnsonlarry@example.net
1052,Ashley Shaw,"8306 Margaret Avenue\nEast William, PA 38710",kim00@example.com
1067,Jennifer Goodwin,"017 Denise Drive\nWest Dylanshire, IN 36312",jacob38@example.org
1070,Matthew Smith,"825 Jorge Forges Apt. 977\nRaymondmouth, TX 33351",zweeks@example.net
1088,Lawrence Miller,"32052 Chelsea Shoal\nRobertshire, NJ 65809",anthonywerner@example.com
1094,Christina Johnson,"36528 Joyce Park\nWest Megan, OR 53045",crystalrivera@example.com
1096,Ronald Ryan,"37851 Knapp Via\nSheltonport, PW 58636",nmurphy@example.net
1109,Allison Diaz,"6157 Bell Common\nChristinamouth, NH 38388",deborahsolis@example.org
1133,Dawn Jarvis,"39305 Stephanie Estates\nPaigeburgh, VT 78319",nmartin@example.net
1134,Mike White,"37414 James Trace Apt. 652\nNorth Elizabeth, FM 48412",kylegilbert@example.org
1145,Renee Mays,"34960 Edwards Forge\nPort Bryan, SC 03674",aprilclark@example.com
1150,George Mora,"6719 Wilson Cove\nSouth Michaelberg, KS 36412",samanthasmith@example.org
1206,Karen Anderson,"33606 Jason Plaza Suite 364\nNorth Sabrinamouth, IN 59238",bensonjessica@example.net
1215,Christopher Montoya,"35477 Gomez Drives Suite 693\nWilliamsville, MS 70103",davidmartin@example.net
1220,Sarah Hunter,"271 Kenneth Shore Suite 554\nNorth Timothystad, PW 38062",tracy48@example.com
1233,Elizabeth Edwards,"33420 Swanson Mountains Apt. 075\nPiercetown, FL 66415",jasonmccarthy@example.com
1234,Scott Ford,"32194 Christian Run\nSouth Michelle, MS 42489",qparker@example.org
1238,Jennifer Smith,"37801 Gloria Groves Suite 481\nColtonton, DE 62592",toddbennett@example.net
1248,Tracy Barrett,"299 Jessica Stream\nSouth Sonyastad, ME 35896",jamestran@example.net
1250,Tiffany May,Unit 4809 Box 1380\nDPO AP 38527,cervantesdavid@example.org
1254,Adam Morris,"724 James Loop Apt. 671\nRayborough, RI 30070",jason18@example.net
1262,Felicia Martinez,"006 Emma Ford Apt. 089\nNew Brandonhaven, MH 39414",michael92@example.org
1280,Tracy Gentry,"389 Freeman Isle Apt. 811\nEast Amy, HI 38422",ashley84@example.org
1297,Updated-1297,Updated-1297,Updated-1297
1304,Yolanda Hodges,"9094 Larry Junction Apt. 643\nPort Steventown, CA 38026",sean57@example.org
1314,Krista Wright DDS,"606 Stafford Point Apt. 354\nEast Michaelberg, FL 30994",ramoschristina@example.org
1347,Gregory Hernandez,"3621 Christopher Bypass\nScotttown, ID 34610",martha70@example.net
1351,John Jones,"2116 Owens Trace Apt. 719\nPort Joshua, NY 30653",olsonjillian@example.com
1356,Rachel White,"8734 Gordon Bypass\nLopeztown, KS 39699",matthewbarry@example.org
1388,Danielle Burns,USNS Sharp\nFPO AP 39629,davidturner@example.org
1395,Corey Olson,"1113 Virginia Manor\nLake Sharonview, FL 31440",lisachen@example.net
1397,Katherine Jones,"PSC 1682, Box 6596\nAPO AA 30215",pamelalewis@example.org
1398,Lori Mann,"32399 Sara Expressway\nHunterchester, RI 78399",millermatthew@example.org
1403,Jimmy Scott,"4037 Fleming Via\nNorth Andrew, NV 35997",garciatom@example.com
1421,Jeremy Garcia,"36094 Hicks Course\nMarshallhaven, NC 67122",oreese@example.com
1434,Paul Hernandez,"0059 Allen Lights\nBrandonmouth, NY 34568",shannonhardy@example.org
1460,Sylvia Foster DDS,"31345 Dawn Ways Suite 632\nVickieborough, IL 22244",austinamanda@example.org
1469,Erica Howard,"34636 Jeffrey Court\nLake Kennethborough, VI 24293",vferguson@example.org
1473,Sean Oconnor,"35662 David Vista Apt. 367\nTorresshire, MN 84741",janet09@example.com
1477,Paul Hall,"33174 Peter Throughway\nClarkberg, DE 26359",dunnannette@example.net
1505,Marvin Shaw,"5633 Smith Drive\nNorth Cynthia, SC 34604",kevinaguilar@example.com
1507,Natasha Barnes,"34937 Victoria Street\nNorth Justinton, NM 60013",wmarshall@example.org
1513,Ronnie Vargas,"8046 Lori Stravenue Suite 419\nWest Alyssa, NY 35044",michealcontreras@example.net
1516,Mary Hernandez,"384 Lauren Squares Apt. 618\nPerryfort, VI 31495",antonio47@example.com
1534,Robert Johnson,"37628 Deleon Brook Apt. 703\nMoonland, PR 21246",richardalvarez@example.net
1540,Michael Harrington,"37423 Brock Forest Suite 009\nSouth Brianborough, MD 52327",scobb@example.com
1543,Hannah Cochran,"153 Victoria Vista Apt. 967\nNew Michael, MS 34522",ana30@example.org
1544,Matthew Thompson,"2528 James Heights\nNew Keithchester, IL 39547",elizabeth22@example.com
1555,Steven Skinner,"158 Eric Way Suite 555\nSouth James, MH 39548",william93@example.org
1567,Brad Hernandez,Unit 4451 Box 7660\nDPO AA 33015,breynolds@example.com
1585,Carrie Shaffer,"455 Anderson Radial\nEmilyborough, IN 39590",imorgan@example.com
1613,Daniel Green,"8529 Gray Village\nNew Donald, AL 39222",jason16@example.com
1628,Jeremy Solis Jr.,"490 William Unions Suite 355\nNorth Mary, FM 35351",hartbrett@example.com
1663,Joshua Harvey,"1249 Atkins Trafficway\nWademouth, NJ 39810",janeking@example.com
1666,Robert Berry,"35213 Julia Square Suite 446\nJeffreyview, CT 91463",kirbyjordan@example.org
1671,Derek Martinez,"997 Tim Spur Apt. 005\nChristopherside, NJ 32081",davidcompton@example.net
1673,Lauren Mccullough,"33123 Williams Spring\nNorth Josephside, MT 08359",enorris@example.org
1683,Michelle Hensley,"1168 Kevin Branch\nMichaelhaven, OH 30297",johnburke@example.org
1688,David Rodriguez,"030 Troy Square\nSouth Cynthia, AK 31646",mharvey@example.net
1695,Andrew Turner,"5365 Johnson Mountains Apt. 288\nNew Amanda, OK 35023",ocampbell@example.com
1733,Melissa Sullivan,"31760 Sean Mall\nEast Jamiefort, GA 55310",timothy44@example.com
1745,Nicole Perez,"967 Kyle Fords Suite 379\nBrianport, SC 34544",dcox@example.net
1755,Brian Ryan,"931 Daniels Walks Suite 032\nLake Christina, DE 39898",webbdeanna@example.com
1758,Daniel May,"31249 Owens Track Suite 569\nEast Daniel, IL 72662",sawyerolivia@example.org
1765,Tina Smith,"425 Caitlin Light Apt. 714\nNicholasborough, MT 30311",knightnicholas@example.net
1785,Caleb Mcmillan,"590 Sean Brooks Apt. 970\nBenjaminview, AS 32195",charles45@example.org
1790,Nicholas Parsons,"601 Garcia Points Suite 450\nHallland, SC 34093",egiles@example.com
1800,Benjamin Wilson,"199 Tate Union\nWest Loriberg, MS 37088",drew91@example.net
1804,Jose Rose,"35789 Fleming Radial Apt. 468\nWest Andrew, NV 80347",xbentley@example.net
1809,Taylor Schmidt,"689 Michael Manors\nCruzstad, GA 30111",scottmiller@example.net
1814,Rose Weaver,"699 Kara Via Suite 838\nSouth Erin, WI 31455",zacharyclark@example.com
1834,Heather Robinson,"39790 Gonzalez Place Apt. 143\nEdwardston, MI 86568",michaelrodriguez@example.net
1842,Nicholas Jones,"1191 Donald Ranch\nSouth Makayla, FL 32642",emilymays@example.net
1849,Daniel Parker,"38922 Dalton Overpass Suite 086\nNew Ronaldview, NJ 38124",allenronald@example.com
1872,Eric Stephens,"513 Arnold Mission Apt. 580\nColemouth, TN 31161",jacksondaniel@example.org
1875,Rita Mcclure,"30821 Courtney Manor Apt. 982\nPort Samanthatown, SC 64510",youngjacob@example.com
1878,Nathan Patterson,"37175 Rogers Mission Apt. 531\nFeliciashire, MT 14147",adrian14@example.org
1898,Justin Reed,"4644 Moore Extensions Suite 362\nSarahshire, MP 36942",emilygray@example.com
1906,Anna Sloan,"8313 John Mill Suite 744\nPort April, CO 37286",grodriguez@example.net
1918,Shannon Bernard,"32649 Lisa Track\nRobinland, MO 78387",joycole@example.com
1927,Deborah Williams,"242 Tracy Meadows Apt. 827\nMelaniefort, NH 32192",maria71@example.org
1928,Trevor Burns,"PSC 1935, Box 7577\nAPO AA 30998",fbell@example.net
1960,Jennifer Hernandez,"329 Koch Mission Suite 893\nNew Zachary, IL 33223",kevin47@example.net
1972,Lawrence Ross,"7685 Teresa Route\nEast Michael, NH 32691",hernandezamanda@example.com
1989,Stephanie Benitez,"7103 Arnold Ports Suite 303\nFieldsmouth, MP 35107",joshua09@example.org
1999,Brandon Boyer,"34080 Burgess Walks Suite 957\nEdwardstad, HI 07350",rhodesbrian@example.com
2002,Matthew Roach,"707 Pierce Corner\nJohnsonhaven, PW 38858",brodriguez@example.net
2017,Erin Young,"7114 Nicholas Roads Suite 147\nLake Kathrynburgh, MO 38481",iwarren@example.org
2033,James Green,"679 George Glen\nNorth Maryshire, MO 36509",tbrandt@example.com
2060,James Patterson,"31290 Parker Circle Suite 193\nNew Dawn, AR 72720",norman55@example.com
2061,Jason Patterson,"39028 Suzanne Courts\nStevenmouth, TN 02332",shawn23@example.net
2075,Andrea Rocha,"31101 Michelle Knoll\nTylerside, TN 17822",castrostacey@example.org
2089,Tamara Brooks,"32163 Boyd Ford Suite 226\nClarkburgh, RI 58956",eyoung@example.org
2092,Mr. Kevin Sanders,"36326 Angela Expressway\nTaraport, OR 60387",steve54@example.net
2096,Laura Richards,"PSC 8873, Box 0119\nAPO AA 37325",susanwagner@example.org
2126,John Robinson,"PSC 2135, Box 7821\nAPO AA 30253",floreskaren@example.com
2144,Kayla Miller,"9244 Kristen Course\nPort Valerieport, NV 35320",evan88@example.org
2150,Alex House,"36048 Jackson River Suite 523\nPort Kyle, VI 87195",ashley43@example.net
2153,Robert Kelley,"711 Pamela Park Apt. 822\nNew Marieburgh, WV 35620",dana37@example.net
2159,Kenneth Peterson,"PSC 5803, Box 3066\nAPO AP 32298",darin62@example.com
2164,Michelle Haney,"1892 Davis Plaza\nNorth Anna, FM 37526",callahannicholas@example.net
2179,Pamela Harris,"37690 Ross Alley\nAngelashire, MP 87055",charles04@example.net
2189,Linda Baird,"3985 Jacob Viaduct\nWest Kathleenburgh, PW 38327",anne50@example.net
2190,Kimberly Velasquez DDS,"082 Stephanie Mountains Suite 188\nDeborahbury, CO 32492",leejennifer@example.com
2223,Christopher Thornton,"283 Cheryl Flat\nSouth Jennifershire, WV 36010",schultznancy@example.net
2224,Courtney Reese,"37171 Annette Street Apt. 505\nRyanborough, MS 91978",samanthamartin@example.org
2231,Julie Johnson,"969 Justin Road Apt. 703\nAliburgh, GU 33284",xsoto@example.com
2278,Updated-2278,Updated-2278,Updated-2278
2285,Ellen Williams,"3985 Lopez Village Suite 445\nPort Jessicafort, OH 36550",danafitzpatrick@example.net
2297,Amanda Duffy,"138 Kim Islands\nEast Colin, CA 33362",william44@example.com
2305,Andrew Stone,"2022 Gerald Estates Suite 350\nDanielmouth, GU 32039",cassandrarodriguez@example.com
2315,Julie Williams,"1448 David Camp\nSotoville, MO 35936",phillipmcclain@example.com
2320,Jerome Kelly,"38577 Tyler Station\nSouth Alyssa, NC 37355",emartin@example.net
2327,Jamie Gonzalez,"861 Lewis Landing Apt. 400\nSouth Joseph, AS 38293",nathanramos@example.org
2338,John Ramirez,"33703 Huerta Junctions\nJohnshire, PR 04049",christina18@example.com
2355,Michael Young,"32917 Bishop Hollow\nNorth Rachaelfort, GU 58256",baileycasey@example.com
2380,Brandon Holloway,"918 John Ford\nSouth Catherineside, HI 31053",anthonymartin@example.com
2390,Kyle Griffith,"35936 John Drive\nJessicamouth, AK 75639",pwarren@example.org
2397,Caitlin Wade,"39650 Amy Ramp\nHollowaychester, MS 97037",jason96@example.net
2398,Megan West,"305 John Estate Apt. 668\nSouth Ashley, IA 30151",michellehunt@example.net
2436,Veronica Carr,"1876 Marks Mountains Apt. 954\nHarrisland, MO 31292",andrewnorton@example.com
2441,Daniel Watson,"0526 Angela Estate\nAlexanderbury, ND 38579",jakeferguson@example.com
2443,Steven Foster,"34215 Chelsea Junctions Suite 550\nEast Christopher, SD 29652",longjordan@example.org
2460,Brittany Huang,"138 Spears Harbor\nSouth Angela, NV 39784",brandon87@example.com
2466,Brooke Meyer,"812 Eric Ridge Apt. 303\nAdamsport, DE 30257",whitebryan@example.net
2473,David Armstrong,Unit 5269 Box 4057\nDPO AP 31201,brobertson@example.org
2482,Brian Evans,"34687 Robert Mountain Suite 306\nMooreland, LA 86793",umitchell@example.net
2489,Anita Mitchell,"PSC 1816, Box 8982\nAPO AE 35216",johnwyatt@example.net
2494,Brian Brown,"178 Sandra Forges Apt. 417\nStephensfurt, VA 32116",hgutierrez@example.org
2499,Madison Camacho,"683 Lane Harbors Suite 197\nWeekston, WY 39619",noah14@example.net
2517,Derek Jordan,"30462 Michelle River Apt. 968\nMichaelfort, WY 49943",lyonssteven@example.org
2529,Katelyn Bullock,"106 Ashley Expressway\nAcostabury, MI 35349",peterscarolyn@example.com
2550,Christopher Ford,"PSC 8384, Box 8786\nAPO AP 37014",christopher21@example.com
2556,Gregory Pruitt,"39847 Christian Station\nHarrisbury, NH 64277",kruiz@example.com
2559,Sylvia Campos,"36460 Johnson Lock\nPort Traciburgh, GA 12080",austin24@example.org
2567,Jennifer Brown,"129 Davis Pine Suite 511\nSouth Mason, AS 30743",huynhjessica@example.net
2576,Stephanie Stewart,"043 Sandra Landing\nMckenzieborough, ID 34903",william12@example.com
2586,Lauren Johnson,"447 Salazar Ridges Apt. 912\nFloresbury, DE 37003",ashley74@example.com
2609,Angela Brown,"37689 Mark Corner Apt. 650\nSouth Nicholasside, DE 83758",angelabailey@example.net
2613,John Hebert,"468 Flores Pass Apt. 044\nNorth Rebeccaland, NM 34302",tannerayala@example.net
2625,Susan Sullivan,"8226 Sandra Court\nSouth Leefurt, AZ 34546",burnschristine@example.org
2645,Krista Cooper,"2827 Alyssa Summit\nTimothyton, AK 30350",rachel26@example.org
2650,Danielle Meza,"35007 Weeks Path Suite 146\nNorth Adam, NJ 64220",plewis@example.com
2653,Jesus Carter,"0827 Sarah Estates\nEast Christopher, RI 32664",ccurry@example.net
2677,Walter Castro,"229 Cheryl Canyon\nLake Susantown, WV 38010",elainealvarez@example.org
2700,Michael May,"6176 Bell Extensions\nEast Traceymouth, WA 31499",jamesmartinez@example.com
2708,Matthew Bauer,"39951 Caitlin Keys\nEast Cassandra, DE 35629",travisvillanueva@example.org
2725,Donald Singh,"561 Berg Turnpike\nSarahland, IL 30169",rachelvega@example.org
2727,Updated-2727,Updated-2727,Updated-2727
2731,Elizabeth Ford,"37826 Fernandez Plaza\nRiggsbury, MI 40017",ryanburns@example.com
2740,Ronald Powell,Unit 0495 Box 8652\nDPO AP 38293,christina70@example.org
2743,Susan Wood,"7382 Gutierrez Inlet Suite 493\nMarieshire, IL 38023",williamsonallison@example.org
2757,Robert White,"35735 Ruth Summit\nWellsberg, MP 08019",donna23@example.net
2770,Lisa Davidson,"39907 Simon Track\nLake Michael, AZ 92693",shawncantu@example.net
2781,Katelyn Robinson,"2390 Anthony Mission Apt. 866\nEast Katherinefurt, MP 38030",samanthacastillo@example.com
2802,Bruce Lee,"3744 John Cape\nAlyssaborough, TN 32271",lynn54@example.com
2821,Chad Robles,"2189 Roy Mills Suite 665\nRuizburgh, TN 33623",leejacqueline@example.net
2835,Matthew Weber,Unit 6272 Box 1050\nDPO AE 38574,monica07@example.org
2851,Amanda Gonzalez,"33363 Megan Viaduct\nNew Christopher, IL 63016",dawntrujillo@example.net
2854,Alyssa Macias,"35916 Jessica Port\nCherylside, DC 77186",dvega@example.org
2857,Larry Robinson,"8545 Blake Expressway Apt. 324\nSouth Christopher, PA 34477",jacobevans@example.com
2863,Abigail Thomas,"803 Kenneth Rapid Apt. 152\nEast Courtneyburgh, ME 36724",berrycollin@example.com
2880,John Johnson,"34964 Katelyn Square\nVeronicamouth, AZ 67080",fkoch@example.net
2885,Jose Cooper,"32543 Jackson Path\nEast Joytown, VA 43572",michael55@example.com
2918,Jeremy Clark,"35321 Stewart Turnpike Apt. 371\nAngelaside, MD 72236",williamsjose@example.org
2933,Monica Stewart,"010 Duran Rapid\nNew Ryanchester, WY 30644",tcantu@example.net
2937,Thomas Roman,"30244 Potter Manors Suite 544\nPort Veronicaborough, VA 03471",jackson17@example.com
2940,Mary Mccoy,"1061 Patel Flat\nNorth David, HI 30033",scott44@example.com
2942,Scott Brown,"37756 Sheila Stream Suite 824\nWest Rogerborough, NY 04547",campbelldakota@example.com
2952,Laura Smith,Unit 1245 Box 1713\nDPO AP 33272,johnleach@example.com
2960,Tommy Jenkins,"3654 Rojas Lane\nEast Nicholasborough, NE 34068",jenniferthompson@example.net
2962,Gina Hayes,"261 Jake Shore\nMillerville, OH 32515",parkerchristine@example.org
2970,Victoria Joseph,"8969 Brandon Village\nCobbside, WY 30241",dmiller@example.org
2972,John Rodriguez,"1068 Pearson Cliff\nRoberttown, NV 30420",nguyenerika@example.com
2990,Ann Smith,"31965 Bautista Square\nDelacruzport, OR 69935",fernando92@example.org
3005,Eric Davis,"833 Alex Corner Apt. 769\nJohnsonmouth, FL 32066",ashley86@example.com
3007,Scott Reid,"374 Davenport Stream\nSherryview, ME 34635",taraduncan@example.com
3013,Ronald Walls,"246 Nicholas Meadows\nStacyburgh, WV 32342",lisa68@example.com
3018,Darlene Vargas,"39851 Morris Run Suite 583\nSmithland, WA 34968",heatherclark@example.net
3046,Julie Torres,"39524 Holloway Union Apt. 663\nMarcusstad, IA 01520",xburgess@example.com
3048,Katherine Torres,"1031 Christopher Extension Suite 467\nEast Virginia, WI 39416",barrkimberly@example.net
3049,Tony Wilson,"38032 Danielle Islands Suite 064\nHunterhaven, TX 08736",jessewilliams@example.net
3066,Lisa Mcclain,"33298 Lee Harbors\nSouth Sandramouth, CO 71289",zmartinez@example.org
3100,Joseph Campbell,"9137 Susan Grove Suite 970\nRaystad, FM 33006",asimon@example.net
3114,Erik Garcia,"2654 Mike Street\nBrowntown, AK 31333",morrisonchristine@example.com
3120,Brian Mathis,"9254 Rodriguez Lane\nFosterton, FM 32197",matthewsloan@example.com
3129,Mark Wright,"7455 Shepard Crest Suite 899\nLake Justinburgh, MI 37572",wherrera@example.net
3154,Andrew Evans,"0250 Walter Grove\nJonesside, PW 35632",tnelson@example.org
3176,Kyle Hill,"024 Jones Square Suite 200\nWest Michael, MI 32584",michaelthompson@example.net
3186,Monica Craig,"352 Keller Summit\nLake Victoriaborough, DE 36470",daviserin@example.com
3200,Matthew Thompson,"6098 Carney Ranch Suite 672\nEast Trevor, FL 33716",paulalevy@example.net
3204,Curtis Clark,"39918 White Mill Suite 309\nMartinmouth, KS 27893",vangsamantha@example.com
3213,Jill Lloyd,"7799 Douglas Burgs\nAnnashire, PA 34929",gallegosheather@example.com
3227,Renee Duncan,USNS Small\nFPO AE 34123,anthony52@example.net
3235,Heather Martinez,"253 Roberto Glens\nNew Charles, MD 33428",hallhannah@example.com
3284,Amanda Carpenter,"32215 Shaw Loaf\nJosephborough, AK 44608",dixonnathan@example.com
3302,Eugene Baird,"7941 Jason Drive Suite 715\nMurrayhaven, NH 34914",larsonchristina@example.net
3313,Taylor Myers,"38237 Michelle Brook Suite 625\nChristopherbury, OK 82420",kevin63@example.net
3324,Kenneth Swanson,"35124 Yates Pines\nEast Brittany, MT 44333",scottangela@example.net
3332,Taylor Jones,"179 Rollins Passage\nBennettland, AS 36771",phambrian@example.com
3333,Russell Moody,"34616 Monica Brook Apt. 765\nHallbury, NY 72188",clee@example.net
3341,Zachary Kaiser,"7218 Susan Stravenue Apt. 522\nHeatherville, CA 37330",erinweaver@example.org
3351,Debbie Terry,"6308 Stone Heights Apt. 392\nWhiteheadburgh, NJ 36087",christopherward@example.org
3357,Troy Brooks,"0117 Michael Cape Apt. 482\nUnderwoodberg, MI 32643",bramos@example.org
3364,Daniel King,"4550 Nicole Mountain\nLake Michaelbury, OK 35199",benjaminjohnson@example.net
3384,Victor Robinson,"32644 Spencer Turnpike Suite 107\nLake David, NJ 60903",lynchandrew@example.com
3390,Jeffrey Taylor,"36593 Jennifer Lodge Apt. 020\nKyleside, WV 24624",jonathan06@example.com
3393,Laurie Cook,"39880 Kim Drive\nDonnashire, ND 09485",melissa49@example.net
3404,James Rogers,"37879 Susan Gateway\nNew Sabrinamouth, MT 36876",tabithamcknight@example.com
3405,Nathaniel Johnston,"9517 Briggs Row\nSouth Leslie, MD 35313",jhenderson@example.org
3413,Sara Williams,USNS Benson\nFPO AE 38218,sherrybrown@example.org
3426,Janet Scott,"5630 Acevedo Lodge Apt. 401\nWest Katherine, MP 36423",leediana@example.org
3428,Mark Johnson,"704 Michelle Bridge Suite 067\nBankshaven, HI 32579",hardindavid@example.com
3437,Kim Hutchinson,"156 Holly Orchard\nNew Veronica, IN 31625",nguyeneric@example.net
3443,Kevin Harvey,"603 Matthew Ridge\nLake Georgeview, WI 35715",gonzalezjason@example.org
3456,Patricia White,"35389 Williams Union Apt. 065\nPort Robert, SD 43302",wilkinsondavid@example.org
3468,Stephanie Sawyer,"30873 Shaun Mill\nSharpmouth, CA 10210",peggywilkerson@example.com
3475,Michael Cummings,"914 Sanchez Pine\nTeresatown, MS 33949",yyoung@example.org
3488,William King,"1507 Melissa Curve\nSouth Joshua, MT 33270",wongbrian@example.net
3491,Bonnie Powell,"6967 Michael Spurs\nLake Teresa, MP 30576",rmiller@example.org
3503,Norma Dillon,"36119 Nancy Street\nSouth Corey, IN 17372",colemicheal@example.org
3513,Amanda Petersen,"36361 Perry Ranch\nGregoryland, SC 61595",amynichols@example.org
3517,Chelsey Fuller,"970 Penny Springs Apt. 721\nDavidmouth, IA 31739",bowenhannah@example.com
3518,Christopher Martinez,"217 Jeffrey Ways\nKathybury, VT 32245",byrdcathy@example.net
3520,Christina Davis,"36202 Henderson Junctions\nLake William, NJ 02238",ronald12@example.net
3532,Alex Jacobson,"012 Eric View\nNew Amanda, ID 35124",oray@example.org
3534,Matthew Hoffman,"2828 Miller Island Suite 981\nPereztown, MI 34288",allenjay@example.net
3547,Renee Frazier,Unit 2775 Box 7568\nDPO AA 33004,matthew17@example.net
3553,Julie Stokes,"35251 David Mews Apt. 847\nGillespiehaven, SD 92258",davidbradford@example.com
3576,Jason Barnett,"2511 Heather Knolls Suite 821\nPort Paulbury, WA 33122",hdelgado@example.net
3580,Eric Ortega,"9641 Coleman Union\nNew Travis, PW 35778",stephanie31@example.net
3595,Brandon Ramirez,"30548 Ronald Villages Suite 871\nDouglasfort, AL 49004",wardsophia@example.org
3597,Sabrina Vargas,"30559 Schaefer Haven\nLake Ericport, ND 90704",laurieellis@example.org
3611,Robert Glass,"0713 Kristen Ford Suite 464\nNew Markbury, KS 30696",michaelcarlson@example.org
3613,Brenda Wright,"30934 Wiggins Field\nWest David, AS 92561",hwalker@example.org
3614,Taylor King,"38356 Marc Trafficway\nEast Jamesborough, NM 45746",erin75@example.net
3617,Diana Savage,"706 Bishop Ranch Suite 223\nSouth Douglasborough, AK 33014",murrayrichard@example.net
3624,Tonya Robinson,"634 Carr Turnpike Apt. 178\nJessicahaven, NC 33174",jasmine52@example.com
3650,Debra Murray,"35645 Gene Lights Apt. 004\nJameshaven, MS 49263",rivasjodi@example.net
3653,Blake Singh,"6199 Jose Stream\nHigginschester, AS 36413",tammycastaneda@example.com
3682,Jamie Hernandez,"35176 Morris Drive Apt. 309\nNathanshire, GA 22397",pattondavid@example.org
3683,Dustin Noble,"4287 James Ports\nCherylbury, KS 39385",xsims@example.net
3709,Shari Smith,"38083 Herrera Port\nAnneside, KY 80914",dawn93@example.net
3724,Shannon Mendez,"35131 Brown Green\nNorth Timothy, LA 08676",rebekahtodd@example.org
3733,Thomas Kirby,"559 Daniel Plains\nEast Kristineville, FM 31685",vedwards@example.com
3742,Rebekah Bonilla,Unit 9297 Box 9528\nDPO AP 30802,brownphilip@example.com
3743,Lisa Jones,"34545 Gina Alley Suite 465\nNew Ryan, MO 48718",matthew38@example.com
3754,Robert Lewis,"702 Dawson Ford\nWest Virginia, MP 31098",amycruz@example.com
3758,Shawn Harrison,"31050 Daniel Expressway\nEast Marybury, MO 18718",heidiscott@example.com
3769,David Mckinney,"1393 Rodriguez Harbors Apt. 688\nRyanmouth, ID 33044",vicki53@example.org
3782,Jeffrey Jordan,"5808 Sutton Forges Apt. 342\nPort Christopher, MT 35882",qross@example.com
3785,Pamela Delgado,"0326 Cook Mountains\nMadelineborough, NM 35351",mhill@example.net
3786,Jasmine Guerrero,"821 Kathleen Mills Suite 414\nNew Paula, AL 36998",christopherellis@example.net
3787,Jeremy Walsh,"7525 Mccormick River Suite 538\nEast Todd, MO 35752",davismichelle@example.com
3795,Lisa Hill,"6941 Edward Walk Suite 971\nWest Bonnie, SC 34260",jklein@example.net
3809,Tyler Chapman,"643 Lisa Green\nNew Victoria, VA 30555",lucasterry@example.net
3818,Jennifer Johnson,"36596 Brenda Divide\nSouth Ricardo, CA 43386",tammy99@example.net
3843,Blake Long,"31064 Brown Knolls Apt. 308\nNew David, ND 75783",davidpatel@example.net
3863,Scott Jones,"316 Anthony Springs\nAnafort, GA 34686",danielleyoung@example.com
3867,Jeremy Taylor,"33708 Thomas Bridge Apt. 715\nTurnertown, AZ 11008",bgill@example.org
3882,Hannah Nichols,"7083 Katelyn Trail Apt. 928\nParkton, NJ 38138",wendytravis@example.net
3884,Johnny Taylor,USCGC Ray\nFPO AE 36151,montgomerynathan@example.com
3897,Lindsey Mcclain,"32854 Martinez Club Suite 717\nDrakefort, CT 72107",ronald45@example.org
3909,Daniel Hernandez,USCGC Simmons\nFPO AE 36320,ypope@example.com
3919,Mariah Thomas,"4415 Mcguire Corners\nNorth Samuelmouth, VA 31514",vanessa02@example.net
3920,Michael Nichols,"251 Vanessa Crescent\nNew Jamesview, DE 39113",angelasmith@example.net
3921,Jason Hicks,"5740 Harper Green Suite 405\nWalkerside, ND 31522",ashleyromero@example.net
3940,Jesus Roth,"3137 Brittany Shoals Apt. 186\nAmandaburgh, IL 39498",douglasjackie@example.org
3948,Dennis Nolan,"37057 Perkins Haven\nPort Jaclynstad, FM 83458",john88@example.com
3961,Christopher Wright,"33539 Rebecca Circle Apt. 912\nMontgomeryview, GA 71877",tryan@example.net
3964,John Smith,"PSC 0167, Box 7960\nAPO AA 32566",alexanderjennifer@example.net
3972,Joshua Mitchell,"301 Martin Dale Apt. 153\nNew Ericburgh, OK 34072",tonykerr@example.org
3978,Lauren Page,"2710 Baker Ridge\nFaithfurt, MP 37174",woodolivia@example.net
3984,Jimmy Rich,"1801 Mack Lane Suite 220\nAmbermouth, MI 39683",robertprice@example.com
4004,Kristine Kim,"39308 Roberts Viaduct Apt. 344\nCaseyhaven, ID 42108",christopher07@example.org
4026,Charles Robertson,"8137 Riddle Crossroad\nNorth Davidhaven, DE 30894",bishopjessica@example.org
4037,Michelle Knight,"073 Elizabeth Burg\nLaurahaven, RI 35072",ptaylor@example.org
4039,Lisa Chavez,"895 Katie Extensions Apt. 157\nGuerreroshire, VA 38583",brandon98@example.net
4047,Gordon Roberson,"7844 Vazquez Lock\nNorth David, CA 30832",olsonchristine@example.net
4059,Jonathon Avery,"838 Morris View Suite 843\nYorkmouth, VA 37516",kevinrobertson@example.com
4074,Elizabeth Montgomery,"37088 Jonathan Knoll\nLake Xavier, NC 35464",kelseycampbell@example.org
4076,Kenneth Jones,"8240 Kayla Lodge\nNorth Amyburgh, MT 37768",alexandra96@example.com
4077,Sabrina Wright,"PSC 8162, Box 1406\nAPO AA 31622",misty90@example.net
4083,Sonya Johnson,"507 Timothy Fort\nJohnmouth, NM 36078",imccarthy@example.net
4087,Stacy Nicholson,"7461 Charles Turnpike\nWest Robertbury, MO 39456",lpetersen@example.com
4090,Victoria Sherman,"32662 Cook Glens\nKimberlybury, NV 97746",lchurch@example.com
4093,Christian Williams,"937 Scott Rapids\nWhitebury, PA 31767",kathrynolson@example.com
4096,Michelle Jones,"32693 Jennifer Stream Apt. 147\nSharonchester, NV 09727",gross@example.net
4097,Pedro Conner,"049 Derek Port\nDavismouth, WA 39615",ngardner@example.org
4121,Richard Dalton,"38541 Brooks Plain\nPort Sarafort, FL 59356",sierra92@example.net
4127,Kevin Tucker,"9750 Adkins Falls Apt. 117\nNew Diane, AR 33421",toddedward@example.net
4136,Andrew Diaz,"1403 Ruiz Cliffs Apt. 958\nPort Paulport, FM 31068",cdelacruz@example.net
4149,Eileen Buchanan,"8585 Brian Villages\nJoshuabury, MN 38221",benjaminfoley@example.net
4170,Phyllis Hartman,USS Marsh\nFPO AE 32396,seangriffin@example.net
4225,Victor Mcguire,"0586 Charles Ramp\nGarciahaven, NM 31448",michaelnguyen@example.org
4243,Molly Fields,"772 Owens Square Apt. 305\nSolismouth, MP 39561",matthewharris@example.com
4262,Michael Rogers,"444 Anthony Underpass\nRamirezhaven, ND 31971",ncampbell@example.net
4264,Brandon Fisher,"9516 Johnson Bypass\nNew Samuel, NE 36463",mark04@example.net
4266,Nancy Franklin,"960 Daniel Tunnel Apt. 194\nWest Courtney, PR 35351",tdixon@example.net
4270,Larry Parks,"9763 Dale Rapid Suite 023\nEast Valerietown, AZ 35845",terrialvarez@example.net
4272,Jennifer Flores,"38677 Smith Extension Suite 528\nEast Marybury, IL 94797",crosbybrian@example.net
4281,Devin Munoz,"9420 Zachary Way Suite 281\nChloemouth, NY 37783",qholden@example.com
4293,Melissa Holmes,"776 Young Tunnel Suite 041\nLake Caitlyn, GA 39324",william36@example.org
4302,Tanya Cantu,"2877 Lopez Flat\nWhiteberg, AL 38890",diane64@example.com
4315,Tony Little,"33045 Bennett Parks\nMatthewside, WA 20803",wagnertiffany@example.org
4332,Samuel Holloway,"807 Johnny Mountain\nStefaniefort, WV 31131",portermichael@example.net
4358,Michelle Wilson,"38842 Duncan Ford\nLake Jennifer, MP 96279",wesleyrhodes@example.com
4373,Jacob Becker,"206 Wyatt Extension\nLake Gregory, NV 32474",frederick62@example.org
4391,Amanda White,"9805 Garcia Coves Apt. 529\nShelbymouth, SC 36621",kcrawford@example.net
4392,Diana Stout,"791 Casey Land\nPort Daniel, CT 32520",joshua37@example.net
4393,Jason Silva,"480 Mckee Extension\nNew Donald, VT 37926",perryspencer@example.net
4398,Nicole Reed,"8295 Sara Squares Apt. 972\nGeorgeborough, AS 39463",robert50@example.net
4402,Stephanie Solis,"4657 Gray Ford Suite 497\nLake Heatherberg, ME 32853",ryanmelissa@example.org
4416,Crystal Reynolds,"261 White Dale Apt. 398\nLake Joshuaview, ND 39810",cathy17@example.net
4437,John Cook,"37651 Hall Center\nDownsfort, AR 85669",michael79@example.com
4441,Matthew Wilson,"0468 Adams Forest Suite 442\nLake Karen, DE 32744",mooreryan@example.net
4459,Jonathan Robinson,"38223 Wall Springs Apt. 543\nNorth Justinville, PA 85305",james19@example.net
4464,Ashley Castro,"6037 Wallace Road\nSouth Amyside, WV 34767",tbrown@example.com
4475,Dustin Long,"36118 Larson Lake\nWest Joseberg, IL 30178",curtissarah@example.com
4491,Jennifer Bauer,"648 Caleb Forks Suite 340\nWest Jonathanview, HI 39317",timothydiaz@example.org
4511,Cory Allen,"7805 Miller Cliff Apt. 751\nNew Anthonyborough, VA 34163",rbradley@example.net
4512,Dave Allison,"8934 Shannon Loaf\nRonnieberg, NV 38063",jamie08@example.org
4523,Michelle Robinson,"38861 Anna Canyon Apt. 026\nNew Maryburgh, IN 72514",pmoreno@example.net
4536,Katie Cooper,"734 Wilcox Pines\nKnightchester, AK 34170",blairkathleen@example.net
4542,Michelle Torres,"087 Trevino Road Suite 052\nKnighttown, PA 34714",nicholassolis@example.org
4553,Michele Hall,"32202 Garcia Trafficway Apt. 495\nLambburgh, NY 58641",petersmonica@example.org
4568,Robert Horton,Unit 8951 Box 3920\nDPO AP 34927,owilliams@example.com
4570,Cynthia Mullins,"32508 Boone Fords\nNew David, AK 22951",kimberlyhouston@example.com
4613,Melissa Leblanc,"3465 Andrews Gateway\nNancyton, OK 31328",gary64@example.org
4653,James Olson,"36689 Jennifer Stream\nNew Vanessa, IL 25374",hhill@example.com
4672,Tonya Sanders,"838 Catherine Tunnel Suite 065\nSouth Robert, GU 36544",fisherkari@example.org
4676,Nicholas Poole,"34501 Garcia Parks Suite 749\nKevinburgh, HI 27453",jonathan56@example.net
4691,David Johnson,"37329 Clark Well\nLisamouth, ME 47796",heather12@example.com
4698,Christopher Phillips,"9368 Riley River\nSouth Melissahaven, MT 31857",melindajohnson@example.net
4706,Andrew White,"38999 Denise Way\nHouseside, NC 99707",dyerlindsay@example.org
4711,Kerry Brown,"8691 Kevin Bypass\nNew Rodneyton, PR 35644",brian69@example.net
4713,Kelly Howard,"30268 Thompson Ville Suite 621\nNew Jeremy, MO 26430",bradfordmichelle@example.com
4719,Jessica Hooper,"9342 Duke Lodge Suite 604\nPort Charlesside, IN 33711",erica37@example.net
4720,Jennifer Perez,"37551 Delgado Parkways\nAaronside, WV 32686",nicholsonangel@example.net
4726,David Smith,"37099 Anderson Junction Apt. 976\nWest James, NY 12343",brittanyhowe@example.com
4735,Erica Jacobson,"36502 Savannah Trafficway Apt. 728\nSarahmouth, GA 27079",qsalazar@example.org
4739,James Quinn,"9219 Schmidt Tunnel Apt. 281\nLake Melissaport, VA 38289",lmatthews@example.net
4763,Jeffrey Jacobson,"4517 Jeffrey Forest Apt. 053\nNicholasstad, FL 37867",christopherclark@example.net
4767,Sharon Haas,"929 Steve Stravenue\nHoodport, MO 36418",malik09@example.org
4774,Christine Lopez,"35490 Bowman Creek Apt. 261\nSouth Cathy, MO 56064",sandrareyes@example.org
4781,Max Richard,"640 Kelly Center Apt. 804\nEast Becky, VI 31586",millsangela@example.com
4789,Justin Reyes,"2759 Colleen Station\nSouth James, TX 38037",lindseyrichmond@example.net
4806,Sydney Perez,"33300 Laura Islands\nEast Marcusshire, DE 45849",jennifer05@example.net
4808,Jose Cooper,"36449 Sanchez Hills\nPort Alexistown, WA 25320",katiemartinez@example.org
4810,Nicholas Torres,"308 Marilyn Island Apt. 554\nJustinton, MD 32497",anthonykelly@example.com
4820,Nicole Robinson,"245 Reginald Spurs Suite 421\nEast Christian, CT 38903",stevenharrison@example.org
4860,Alexander Watson,"37155 King Harbor\nJacobsmouth, NH 82791",peterscarla@example.net
4876,Brian Johnson,"4438 David Knoll Apt. 159\nEast Tanyaville, NC 32596",chad79@example.net
4881,Patrick Reed,"507 Jones Village Apt. 089\nLake Valerieport, MD 38538",vjenkins@example.org
4887,Samantha George,"7325 Jeremy Meadow\nAndrewschester, WI 39493",mclaughlinjulia@example.com
4913,Miss Tammy Phillips,"39273 Cuevas Stravenue Suite 155\nWest Elizabethfort, VT 72908",nancykennedy@example.org
4942,Mary Marshall MD,"1760 Marcus Falls\nHermanborough, NV 37501",kimkimberly@example.org
4952,Charles Horn,"PSC 7978, Box 8858\nAPO AE 30503",robert47@example.org
4984,Juan Fuentes,"5829 Jack Pass\nEast Daniel, ID 35616",alison79@example.com
5010,Melissa Anderson,"1063 Tammy Valley\nMurphyton, OK 35822",denisebrady@example.com
5023,Cassandra Nolan,"980 Nichols Haven\nNew Andreatown, CA 35381",elizabeth40@example.net
5047,Brian Elliott,"37762 Shepherd Parkways\nZunigashire, AL 53081",dstone@example.org
5080,Samantha Jones,"31913 Shields Run Apt. 831\nWest Gregory, CO 94366",ahorton@example.net
5116,April Hogan,"327 Lopez Island Suite 417\nRobertton, KY 38029",john55@example.net
5125,Suzanne Brown,"7127 James Locks\nNew Anthonyview, MI 34563",jenningseric@example.net
5135,Christopher Lang MD,"33302 Joseph Turnpike\nTammychester, HI 36205",christopher78@example.com
5150,Thomas Gonzalez,"163 Melissa Forges Suite 703\nMadisonberg, MI 37104",jeromeschultz@example.org
5157,Mrs. Sarah Cook,"PSC 4559, Box 0736\nAPO AA 36041",timothygonzalez@example.net
5165,Rebecca Park,"958 Richard Extensions\nKimberlyport, MS 31222",maureen81@example.com
5175,Kelly Hawkins,"32291 Sarah Corner Apt. 686\nPort Taylor, LA 82360",cnicholson@example.com
5184,Brianna Hill,"39773 Joanna Manors Apt. 305\nRhodesview, SD 21160",andersonbradley@example.org
5188,Brandon Yoder,"4150 Rice Club Apt. 135\nSouth Matthewport, PW 30363",natalie99@example.net
5196,Rebecca Chan,"4699 Amy Drive Suite 212\nSouth Joelmouth, CT 30165",stephaniegreene@example.org
5197,Austin Zimmerman,"076 Brian Grove Suite 085\nNorth Kathleen, GU 32577",travis60@example.net
5213,Tina Robinson,Unit 7908 Box 1781\nDPO AE 37785,rachelsimmons@example.com
5221,Maria Martin PhD,USCGC Smith\nFPO AA 30605,ginaburns@example.org
5239,Anthony Cole,"7201 Lewis Street\nCherylmouth, MN 33247",clarkchristina@example.com
5244,Christian Mcgee,"36282 David Shores\nCrosbytown, AL 99087",paula87@example.net
5247,Stephen Anderson,"PSC 2101, Box 2616\nAPO AE 37086",amy55@example.org
5255,Christian Holland,"8165 Fleming Rest Apt. 052\nTylerport, MA 34722",anthony35@example.net
5261,Brian Duncan,"9489 Glover Place Apt. 783\nBrianberg, TN 36933",daniellemendez@example.org
5263,Dennis Hernandez,"8908 Farmer Plain\nLake Jacqueline, CO 30566",iwoods@example.com
5272,Robert Weaver,"38900 Thomas Square Apt. 728\nWest Patricia, KS 07945",james37@example.com
5284,Stephanie Wheeler,"9245 Odom Wells Apt. 334\nMitchellland, UT 34585",sueashley@example.com
5292,Richard Carpenter,"8845 Danielle Court\nPort Whitneyport, NC 30285",sherrythomas@example.com
5302,Aaron Malone,"3907 Chelsea Fork\nEast Rhondaton, ID 37042",davidcook@example.net
5311,Daniel Mayo,"663 Gutierrez Port\nJohnsontown, GU 31212",andersonmakayla@example.net
5329,Mr. Anthony Moses,"821 Chavez Park Apt. 525\nNew Rachelburgh, GU 33228",danaward@example.org
5334,Samantha Roy,"39492 Turner Vista\nPort Anna, VA 46948",zking@example.org
5340,Maria Huber,"7894 Alexis Shoal\nThomasville, AL 35302",steven30@example.com
5346,Katherine Wallace,"32568 Larry Road\nMadisonfort, AZ 73320",ann30@example.net
5350,Kathryn Andrade,"939 Allen Throughway Suite 849\nBrownbury, NC 30444",monicadavis@example.com
5359,Matthew Sanders,"4753 Elizabeth Valleys\nStevenbury, ME 34724",patricia62@example.com
5362,Sonia Lopez,"255 Michael Plaza Suite 190\nNew Robert, DE 34860",marshjacob@example.org
5364,Nicole Porter,"4367 Ronald Mill Apt. 871\nPort Jesseville, WY 38382",thomasdaniels@example.org
5369,Pamela Burns MD,"36447 Harvey Expressway\nNew Laura, WY 48897",sherikennedy@example.org
5375,Crystal Beard,"4752 Harrell Burg\nSouth Brandonchester, PA 36506",jpaul@example.com
5384,Angel Valentine,"35130 Joshua Squares\nSolomonchester, VT 14993",ojames@example.net
5387,Deborah Brown,Unit 3188 Box 1568\nDPO AE 36707,laurenharris@example.org
5392,Hector Prince,"7370 Joanne Course\nRachelstad, MP 39099",christopher31@example.org
5393,Jessica Thomas,USS Williams\nFPO AP 31441,michellejohnson@example.org
5405,Randall Davis,"9803 Duncan Trafficway\nPort Nicholasview, HI 34878",kenneth94@example.com
5414,Nancy Carroll,"33318 Maria Burgs\nNew Sherry, GU 54384",patkinson@example.org
5440,Ronald Walker,"37339 Clayton Courts\nPort Cory, AL 42987",alexanderjeremy@example.org
5445,Debbie Sanders,"069 Nunez Overpass Apt. 367\nEast Sarahstad, NE 32136",darrell43@example.org
5451,Heidi Lee,"34853 Nicole Groves\nEast Jacobland, CT 44067",kimberly70@example.net
5462,John Watson,"4485 Moore Valley Suite 825\nEast Jasonside, GU 36099",christinejohnson@example.net
5465,Shane Scott,"6235 Washington Wall\nSouth Wendyport, GA 38021",zbryan@example.com
5468,Kevin Palmer,"281 Sergio Ferry\nWest Ryanshire, PA 39047",debbie33@example.org
5472,Emily Torres,"774 Sanchez Canyon Suite 468\nNew Kimberly, MO 35511",patrick35@example.net
5491,Bailey Winters,"33767 Allen Extensions Suite 797\nPort Robert, IA 23062",upotts@example.com
5503,Michael Williams,"570 Bush Curve Apt. 534\nWest Jesseberg, OR 37454",scott98@example.net
5511,Cheryl Morris,"808 Ball Fords\nJohntown, MT 39111",peter51@example.com
5534,Mary Bradford,"3525 Seth Run\nScottfurt, PR 33930",karenmurphy@example.org
5536,Jeffrey Lewis,"3223 Amanda Mills\nParkburgh, WY 35870",christophergomez@example.net
5539,Gary Holland,"38515 Hampton Stream Apt. 205\nNew Lindashire, NY 42093",vlarson@example.com
5541,Tyler Gonzalez,"5021 Chase Plains\nBrownside, FL 36192",moorenathaniel@example.com
5547,Teresa Rush,"5143 Hoffman Valleys\nMicheleview, TX 37135",davidnelson@example.org
5549,Cheryl Hale,"9268 Brandy Expressway\nSimpsonmouth, DC 37993",ychaney@example.net
5562,Benjamin Delgado,"876 Kim Haven Suite 506\nBethanystad, CA 31210",jenniferdillon@example.net
5568,Suzanne Prince,"326 Shirley Burg Apt. 460\nEast Hannah, FL 32856",markbell@example.com
5571,Matthew Heath,"32871 Hernandez Mountain\nEast Gregoryborough, MN 40326",zmoore@example.com
5576,Jack Porter,"703 Susan Views Suite 242\nFishermouth, CA 39582",mknight@example.net
5577,Matthew Clark,"9844 Johnson Springs\nWest Ericaview, ID 39271",lwebster@example.com
5584,Roy Myers,"37168 Michael Place\nMarcustown, NM 72825",torreskimberly@example.net
5594,Julie Phelps,"39753 Brown Parkway\nLake Ronald, ME 11914",christophermyers@example.org
5598,Dana Melendez,"337 Powell Common Apt. 170\nWest Samanthaside, SD 39666",janet39@example.net
5607,Brenda Neal,"4513 Stanton Mall Apt. 583\nCampbellburgh, OK 35509",gillemily@example.org
5608,Erin Smith,"9916 Dixon Extensions\nErichaven, ME 34974",patriciabrooks@example.com
5613,Courtney Campbell,"2562 Jessica View Apt. 611\nSamuelhaven, HI 31584",pearsonpatrick@example.com
5631,Jerry Hays,"3465 Meyer Knolls\nBassmouth, MN 36286",shelleyspears@example.com
5633,Eddie Brown,"051 Jose Isle\nTiffanyview, FM 38166",dwhitney@example.net
5662,Christopher Johnson,"023 Mendoza Meadows\nWest Corymouth, MS 37030",billymanning@example.org
5668,Samantha Maldonado,"168 Christine Place Suite 224\nNicholasfurt, PR 32179",hansonshannon@example.net
5683,Dominic Macdonald,"530 Joseph Junctions Apt. 763\nPort Louischester, CT 30249",jessica93@example.com
5685,Paula Ellis,"33284 Deborah Way Apt. 325\nLake Jonland, GU 52258",mparker@example.com
5695,Candace Scott,"4850 Larry Ports Suite 293\nScottland, DE 37664",atkinscarla@example.org
5714,Dr. Ruth Turner,"773 Peter Meadow Apt. 305\nBrettburgh, GU 32655",samuelshepherd@example.net
5734,Roy Carey,"PSC 6326, Box 0841\nAPO AE 35583",katherine38@example.com
5744,Justin Tyler,"30308 Davis Creek Apt. 762\nWest Jonathan, AS 86234",farrelljennifer@example.com
5746,Donna Ortiz,"0890 Jennifer Causeway\nWigginsville, NY 37926",maldonadomike@example.com
5750,Laura Jackson,"969 Michael Isle Suite 632\nWest Monica, ID 36678",jacksonmelody@example.net
5752,Jacqueline Russell,"38036 Christopher Stravenue\nEast Kristintown, KY 19869",jenniferbryant@example.net
5754,James Buck,"070 Moreno Parkways\nLake Justin, HI 36436",gabrielle40@example.net
5767,Kathy Rivas,"36227 Jeremy Station Apt. 301\nEast Lisa, ID 54129",sonialopez@example.com
5778,Richard Hancock,"8612 Poole Walk\nMarieside, DE 33399",nicole85@example.org
5796,Jennifer Montes,"34818 Brown Knolls\nPort Anne, AR 07267",kylemendoza@example.net
5799,Cynthia Martinez,"37166 Kyle Turnpike\nBarberhaven, LA 86969",jeffreywatkins@example.com
5804,Robert Rush,"8122 Reilly Rue\nJuliechester, OH 34707",ukirk@example.com
5812,Jason Washington,"36220 Daniel Cape\nWest Sherryside, MP 46074",zachary73@example.net
5832,Nancy Davis,"3401 Davenport Way Suite 821\nWilliamshaven, GA 31886",omaldonado@example.org
5837,Amanda Bradley,"876 Sanders Coves\nChadbury, MO 30698",margaretcampbell@example.com
5846,Robert Kaiser,"0047 Gonzalez Forks Apt. 511\nShanemouth, UT 35240",michelle50@example.org
5854,Terry Smith,"37329 Velasquez Burg\nSouth Jeffmouth, AL 44568",kduran@example.net
5856,Catherine Farley,"37475 Stevens Oval Apt. 370\nLewisside, MT 28815",harrisgeorge@example.net
5868,Manuel Hernandez,"PSC 1188, Box 2714\nAPO AA 33906",jonathan40@example.net
5886,James Jones,"4056 Mary Manor\nNew Darlene, WI 31463",rweaver@example.net
5889,Christine Thomas,"839 Taylor Curve\nLake Jasonchester, VT 38359",lisaporter@example.com
5903,Stephen Brown,"8679 Kristine Throughway Suite 386\nVeronicaborough, PR 38801",thomas69@example.com
5935,Janet Chen,"37883 Margaret Valleys\nPort Jacquelineview, WY 85557",samanthacarr@example.com
5951,Joy Hamilton,"1421 Brenda Landing Apt. 713\nBryanbury, IN 37374",taylorleslie@example.net
5957,Ashley Wood,Unit 6110 Box 7668\nDPO AP 33797,lboyd@example.com
5960,Amy Johnson,"1669 James Islands Suite 847\nLarrymouth, AS 35577",becky85@example.com
5975,Tara Davis,"37456 Alexandria Manors Apt. 508\nDonnaview, NY 84459",grantchelsea@example.com
6011,Derek Patterson,"582 Wu Highway Apt. 338\nKellyton, PR 34461",egreen@example.net
6039,Tracy Day,"4771 Scott Spurs\nWest Matthewshire, CO 31204",robinsonveronica@example.com
6057,Maria Meadows,"6243 Hannah Spurs\nPort Ricky, VI 33287",rwarren@example.org
6059,David Graham,Unit 3234 Box 8718\nDPO AP 37045,paulgrimes@example.net
6088,Joe Phillips,"214 Peterson Path Suite 674\nEsparzaview, TX 37782",tperez@example.net
6115,Linda Grant,Unit 5825 Box 1970\nDPO AE 30904,herbert44@example.com
6124,Matthew Hodges,"689 Sandoval Flat Suite 021\nLarryberg, TX 39939",jamesgonzales@example.com
6130,Taylor Goodwin,"34679 Gina Expressway\nLake Isabellashire, GU 39841",kanejustin@example.com
6188,Louis Hardin,"33265 Steve Valley\nMarkmouth, AS 59589",maria69@example.com
6194,Christopher Horton,"200 Samuel Coves Apt. 421\nNorth Brian, OR 35459",zmorris@example.net
6202,William Simmons,"38459 Henderson Keys\nHamptonstad, FL 70470",shawkins@example.com
6209,Kevin Carpenter,"9745 Hebert Mills Apt. 662\nEast Jordanshire, ME 39371",karenmercado@example.com
6223,Scott Sanchez,"811 Michelle Hills Apt. 470\nMasonview, VA 31626",campbellbrian@example.net
6231,Stephanie Graves,"37160 Phillips Brooks\nEast Cynthia, FM 66386",timothyrogers@example.com
6232,Jackie Day,"075 Morales Crescent Suite 112\nTurnerburgh, KS 36405",jasonmitchell@example.net
6240,Sophia Swanson,"2895 Estrada Pine Apt. 452\nAmandaview, RI 36181",ubradley@example.org
6241,Jason Huff,"8635 Brent Spurs Suite 449\nDanielleshire, MD 36622",robertjohnson@example.net
6243,Kimberly Little,"9951 Grant Corner\nEvansberg, OR 38357",lynnweber@example.com
6248,Ricky Smith MD,"097 Rachel Skyway Suite 888\nEast Janicetown, NH 30861",brianhodges@example.org
6266,Dawn Johnson,"5053 Wood Circle\nNorth Andrewhaven, NM 38861",richard30@example.org
6276,Lorraine Webb,"33520 Jonathan Via\nJoneston, ME 78274",lawsonglenn@example.com
6282,Carolyn Taylor,"190 Shaw Light\nNew Christinehaven, CO 31154",joshua05@example.net
6304,April Ramirez,"33669 Timothy Mills\nVillarrealshire, IN 20564",cjohnson@example.net
6310,Steven Barnett,"3426 Russell Estate\nBrownhaven, VI 38589",stacey35@example.net
6328,Amanda Garcia,"32359 Miller Ports Suite 573\nHernandezmouth, OH 19687",lloydbenjamin@example.com
6367,Mrs. Toni Reed,"909 Mann Trafficway Apt. 089\nJasonside, PR 31219",robersonana@example.org
6372,Carmen Hayes,"PSC 4922, Box 3415\nAPO AP 35240",sarahbaker@example.com
6379,Kaylee Martinez,"769 Alvarez Oval Suite 620\nMckayshire, OK 33979",david26@example.net
6399,Anthony Jenkins,"937 Lewis Drive Suite 854\nNew Brittanymouth, PA 36377",ogreen@example.com
6405,Edward Bates,Unit 0135 Box 9815\nDPO AE 37398,fsmith@example.net
6415,Tara Marquez,"35833 Watson Island Suite 203\nDeniseburgh, UT 58414",christopherpena@example.org
6426,Jody Myers,"34352 Peter Locks\nEmilybury, NY 25739",millermary@example.org
6433,Katie Sullivan,"453 William Drive\nMichaelberg, PA 34473",ireynolds@example.net
6434,Jared Kirby,"956 Hebert Square\nWest Tiffany, SC 34534",flong@example.com
6444,Alexis Brown,"051 Ramirez Centers Suite 666\nNorth Marisatown, NM 36311",eperez@example.com
6459,Connor Bender,"35074 Shannon Pine\nNathanbury, ME 28315",alexanderralph@example.net
6460,Ebony Taylor,"212 Smith Ports Apt. 360\nNew Travis, VA 32133",traceypratt@example.org
6461,Melissa Crosby,"33109 Stewart Parkways Apt. 919\nSouth Kristy, NH 00875",ebrown@example.com
6467,Frank Stephens,"38090 Vincent Greens Apt. 681\nSimsborough, MS 92127",frenchheather@example.net
6468,Rachael Nguyen,"0900 Robles Inlet Apt. 515\nReidport, DC 32778",deantrevor@example.com
6492,Julie Hess,"324 Robert Brook\nStevenside, TX 37169",whitejerome@example.net
6496,Elizabeth Gould,"39298 William Trafficway\nRowechester, PW 53817",jonesnichole@example.net
6509,Anthony Anderson,"8883 Wilkerson Motorway\nWest Jennifer, VA 33896",jared25@example.com
6512,Shane Armstrong,"126 Marissa Pike\nNew David, AR 35053",gregoryconway@example.net
6517,Christopher Jones,"336 Maddox Lake\nPort Tammy, IN 30047",martinhenderson@example.com
6520,Rebecca Bowen,"3502 Conley Hollow\nFreemanhaven, MP 35187",ecarr@example.net
6533,Gary Miles,"3757 Wiley Avenue Apt. 765\nLawrenceberg, FL 35372",benitezjessica@example.org
6549,Lisa Wilson,"PSC 5890, Box 6956\nAPO AP 39170",yanderson@example.net
6587,Richard Rodriguez,"2106 Gonzalez Gateway Apt. 938\nToddtown, NE 36383",christine87@example.org
6609,William Baxter,"949 Brittany Light Suite 639\nEast Martin, MA 39475",cmendoza@example.net
6618,Michelle Thompson,"31366 Belinda Key\nWilliamsside, AS 65334",bobbydean@example.net
6629,Wayne Tapia,"204 Hall Union Suite 212\nLake Josemouth, ID 33485",rebeccarodriguez@example.com
6630,Aaron Whitehead,"8591 Ball Mountains Suite 641\nTimothyhaven, IA 39285",theresa29@example.org
6635,Mary Martinez,"35752 Tony Canyon Suite 439\nBrownmouth, DE 89784",vtorres@example.com
6637,Kimberly Graham,"31617 Lynn Court Suite 717\nLake Johnland, DE 70481",elliottmeagan@example.net
6641,Derrick Hunt,"5834 White Union\nMichaelport, ID 31414",nelsonsamantha@example.org
6655,Lisa Hamilton,"0694 Rose Mission Apt. 503\nSouth Troy, VA 31635",gespinoza@example.com
6662,Christopher Warren,"887 Laura Views Suite 182\nPort Melissabury, MP 33846",zfisher@example.org
6674,Matthew Santana,"158 Chad Cliff Suite 577\nWest Meganside, AK 31502",ijenkins@example.org
6683,Dr. Brandy Sanders,"37647 Joshua Pike\nNew Deanna, SD 67897",pierceannette@example.org
6699,Anna Jones,"30997 French Stravenue Suite 785\nWest Melissamouth, CA 26226",howen@example.org
6714,Christopher Hunt,"3687 Hines Park Suite 369\nWatsonton, MP 33673",edwardsjeffrey@example.org
6717,Shirley Bowers,"786 Cole Parkways Suite 852\nRachelbury, SC 32824",darren71@example.com
6722,Arthur Farrell,"34300 Annette Overpass Suite 479\nWest Katherine, NE 09568",mitchelljones@example.org
6728,Mandy Collins,"353 Laura Crescent Suite 080\nPort Stephen, WY 38389",ksingh@example.org
6749,Monica Stevens,"PSC 8770, Box 1248\nAPO AP 31113",mirandagarrett@example.org
6763,Sabrina Powell,"30207 Michael Mountains Apt. 515\nAnthonymouth, FL 18062",charles79@example.org
6766,Teresa Gomez MD,"9582 Alexis Ways Apt. 188\nTapiaton, VI 33672",shepherdsteven@example.com
6773,Danielle Pineda,"PSC 4921, Box 1527\nAPO AE 30948",mcdonaldchristopher@example.org
6774,Kayla Hill,"920 Logan Road Apt. 253\nTraceyland, GA 30681",carolyn61@example.org
6779,Benjamin Gonzalez,"33406 Rachael Key\nManuelchester, KS 80824",tammy58@example.com
6789,Regina Craig,"PSC 3854, Box 5882\nAPO AP 31679",kathleen46@example.org
6796,Thomas Fisher,"220 Thomas Extension Apt. 629\nTeresaborough, NJ 34777",garciaamanda@example.net
6798,James Hill,"767 Shawn Forge Apt. 293\nHillhaven, OR 38007",becky65@example.com
6812,Teresa Allen,"010 Tanya Ferry\nKimberlyfurt, CA 33880",jeffrey22@example.com
6820,Dawn Miller,Unit 6515 Box 0991\nDPO AE 36482,matthew15@example.net
6831,Linda Parker,USCGC Gordon\nFPO AP 37014,emilyadams@example.net
6842,Robert Hamilton,"36996 Johnson Lane\nFeliciaton, TN 82163",kelly30@example.org
6847,Ryan Austin,"294 Waters Freeway\nPort Moniquechester, UT 34667",amanda42@example.net
6849,Jessica Brown,"31123 Kevin Curve Suite 581\nEast Jessicachester, DC 71979",cameronjones@example.net
6864,Joanna Lamb,"38157 John Groves\nWhiteland, VA 29279",burnstracey@example.com
6888,Crystal Andrews,"33241 Rodriguez Alley\nWest Amandatown, FL 58104",awilliams@example.net
6892,Jordan Villegas,"9215 Fischer Valley Suite 256\nPort Donna, VT 36756",ashleyaaron@example.net
6896,Jimmy Wood,"6381 Aaron Ridges Apt. 435\nRebekahstad, UT 39452",alvaradomary@example.net
6925,Madeline Holland,"304 Miller Haven\nSouth Stevenville, AL 39135",ruizjoshua@example.net
6932,Louis King,"9746 Cisneros Turnpike Suite 540\nJennifershire, MP 35655",wwilson@example.org
6933,Elizabeth Woods,"38208 Sarah Mount\nNorth Valeriefort, DE 10750",stevehernandez@example.net
6944,Bridget Smith,"33164 Ashlee Lights\nEast Mark, AZ 23539",boydmartin@example.org
6956,Thomas Nunez,"PSC 2396, Box 2985\nAPO AP 35338",weavercheryl@example.org
6971,Christopher Hall,"36234 Kenneth Port\nMcclureton, WI 08076",browncandice@example.com
6987,Amanda Baker,"39092 Rebecca Dam\nPort Maria, MO 89804",daniellebuckley@example.org
6996,Paul Payne,"589 Aguilar Mission\nSouth Kyle, PA 34476",thomas44@example.org
7018,Barbara Stark,"PSC 3147, Box 5217\nAPO AP 36390",morganpatricia@example.com
7024,Tina Morrison,"8871 Ryan Valleys Apt. 380\nChristinabury, NY 32102",curtis38@example.com
7049,Jessica Allen,"36983 Shelby Street\nWilliamsshire, TN 83215",paulclark@example.net
7052,Brian Brown,"1363 Anderson Flats Apt. 378\nAndersonmouth, VT 31077",hrodriguez@example.com
7054,Michael Andrews,"8029 Jones Crest\nWest Kristinmouth, OR 31483",qbrowning@example.com
7063,Scott Obrien,"330 Cowan Inlet Apt. 710\nNguyenshire, AZ 33748",robertwagner@example.com
7064,Mark Adams,"5623 Mary Inlet Apt. 852\nGoodwinburgh, TX 34384",michelle22@example.org
7069,Dale Bell,"34831 Melissa Crest\nGarciaview, TX 69029",kimberly46@example.net
7093,Ashley Webb,"2139 Maldonado Keys\nTroyton, DE 30824",kingandrea@example.org
7094,Samantha Edwards,"34519 David Ranch\nLake Krista, IN 43774",emack@example.com
7102,Cheryl Costa,"0083 Ashley Harbor\nNew Peterburgh, UT 34649",gilmorejesse@example.org
7105,Timothy Young,USCGC West\nFPO AA 38789,rodriguezcolleen@example.org
7110,Joseph Vazquez,"30864 Snyder Spring\nMarkport, KY 52114",mark32@example.com
7123,Anthony Stanton,"1403 Walker Dale\nMichellechester, TX 36535",amandacopeland@example.com
7125,Jennifer Coleman,USNS Hicks\nFPO AP 34201,alishabradford@example.org
7137,Brandy Davis,"786 Stephenson Mission Apt. 804\nEast Javier, UT 32238",hannah55@example.org
7142,Natalie Mathis,"527 Mary Mills Apt. 103\nLaurastad, DE 31092",tamarabrown@example.com
7144,Dawn Hartman,"3632 Davis Estate Suite 703\nChristineside, VT 30826",ericcortez@example.net
7157,Sarah Costa,"3698 Irwin Well Suite 895\nBrooketown, GA 36764",scott89@example.com
7162,Regina Watson,"1474 Lawrence Spur Suite 571\nOliviaberg, NM 36572",greensandra@example.com
7164,Seth Williams,"35862 Reid Vista Apt. 805\nNorth Kathyview, DC 25527",mark52@example.com
7177,Brian Peters,"9382 Arthur Underpass\nRaymondview, MI 39917",kingchris@example.net
7190,Chad Lawson IV,"334 Emily Course Suite 218\nHarrisville, KY 33284",julielewis@example.org
7228,Joshua Sanders,"31096 Daniel Turnpike Apt. 283\nEthanside, PW 49448",joshuapotter@example.net
7246,Robert Serrano,"33065 Collins Heights Suite 145\nWest Lance, SD 94938",david67@example.com
7248,Robin Nelson,"301 Pierce Pines\nSouth David, MN 37221",richardsonjennifer@example.net
7266,Austin Franklin,"905 Bryan Village Apt. 173\nAlyssaberg, NE 39350",mccartypriscilla@example.net
7267,Jason Morris,"30794 Dominguez Rue Suite 320\nNewtonville, NC 99869",ybennett@example.org
7274,Dan Walker,"6388 Derek Plains\nChristopherbury, PR 34322",leescott@example.net
7278,Ian Green,"181 Gibson Heights Apt. 218\nNew Lisatown, VT 38845",pgarcia@example.org
7284,Jordan Sanders,"8360 Horn Vista Suite 852\nPeckmouth, OK 36150",sayala@example.net
7294,Laura Allen,"7748 Elizabeth Keys\nSouth Kayla, WA 31698",ffrancis@example.com
7303,Amy Ramirez,"32222 Ponce Summit\nSouth Eric, NH 16052",royhayes@example.net
7307,Allen Nichols,"1405 Brian Lodge\nNew Davidtown, IN 35646",monica78@example.net
7320,Brian Holland,"899 David Mountains\nDianeton, AL 34610",wanda62@example.com
7333,Leslie Smith,"7618 Gonzales Lock\nAlbertside, SC 31848",robinellis@example.com
7359,Sharon Smith,"0668 Matthew Islands Apt. 823\nBrandyberg, VA 37063",carolyngamble@example.com
7372,Caleb Snow,"37023 Lewis Ramp\nNew Elijah, NC 69611",nicholas90@example.net
7383,Scott Moreno,"39854 Thomas Manors Suite 187\nSouth Joshuatown, PW 62518",gracegonzalez@example.net
7389,Joseph Wilson,Unit 6007 Box 4569\nDPO AA 34119,xgray@example.com
7411,Brandy Greene,"PSC 4864, Box 8712\nAPO AE 32072",danieltimothy@example.net
7420,Gabrielle Andrews MD,"462 Antonio Trafficway\nBeckerhaven, TX 32287",jporter@example.net
7423,Mary Tran,"036 Frederick Course\nPowellland, MD 35832",sarah85@example.net
7430,Mark Knight,"778 Rivera Groves\nPort Lucas, OK 30306",iandrews@example.com
7443,Tyler Williams,"556 Cheryl Mount\nEast Rachel, MS 35518",ktorres@example.org
7448,Michael Patton,"042 Taylor Inlet Apt. 063\nGregoryside, NY 34179",spennington@example.net
7452,Gina Porter,"7148 Callahan Overpass\nNorth Taraburgh, GA 32507",dmurray@example.org
7459,Laura Perez,"3983 Jennifer Ports\nKatiestad, KY 39941",boydstephanie@example.org
7467,Mr. James Lopez,"30634 Green Court\nSouth Timothy, AR 90444",popekristen@example.org
7484,George Richards,"32815 Michael Inlet\nLake Rachelberg, PA 68042",jenniferpetersen@example.org
7490,Haley Anderson,"783 Brown Locks Suite 896\nWest Michelle, MH 31714",joseph88@example.net
7514,Keith Newton,"8952 Donovan Forges\nNew James, GA 33857",melissamiranda@example.org
7515,Daniel Miller,"PSC 4781, Box 7347\nAPO AA 30545",christopher65@example.org
7516,Jennifer Brown,"526 Brown Greens\nNorth Nathan, UT 34084",marc45@example.net
7526,Denise Garcia,"175 Curtis Mission Apt. 945\nSmithfort, IL 35239",tyrone34@example.org
7531,Alexander Fernandez,"36447 Evan Freeway Apt. 866\nLisaville, CA 91880",vromero@example.org
7533,Kathryn Fowler,"2894 Amber Corners Apt. 434\nPort Bonnie, ME 34742",dawn78@example.com
7560,Karen Schroeder,"953 Richard Haven Suite 699\nBryanmouth, UT 39558",jessica50@example.com
7568,Cody Owens,"673 Turner Turnpike Apt. 349\nEast Barbarachester, MD 38911",igordon@example.org
7575,Emily Moreno,"423 Charles Gateway\nShepherdchester, WY 34620",frenchjacqueline@example.com
7582,Melissa Marks,"31324 Berry Loop Apt. 928\nLake Carmen, NY 64069",seantorres@example.org
7591,Anna Wright,"31582 Floyd Flats\nNew Anna, FL 40264",danielcampbell@example.net
7609,Jermaine Collins,"38168 James Junctions Apt. 821\nNorth Vanessamouth, KY 73979",sandra52@example.com
7616,Amy Bean,"809 Harris Corner\nNew Arielmouth, MI 36427",jsmith@example.org
7617,Alisha Smith,"38855 Matthew Parks Suite 897\nEricachester, SC 76402",ppowers@example.org
7618,Angela Peterson,"9296 Johnson Walk\nRosariofurt, GU 33902",smithkyle@example.com
7619,Matthew Williams,"30911 Rachel Centers\nLongfort, AL 06205",dannyreid@example.com
7624,Robert Anderson,"897 Elaine Viaduct Suite 255\nNew Amy, TN 33928",davissarah@example.net
7642,Cheryl Christensen,"4019 Kerr Freeway Apt. 855\nPort Matthewfort, MH 31844",vmartin@example.net
7647,Briana Richardson,"754 Livingston Mews\nBenjaminhaven, VT 37689",pallen@example.com
7667,Pamela West,"38077 Matthew Trail\nNew Ryanfort, OH 03028",tvillegas@example.net
7681,Tyler Lawson,"844 Linda Squares\nEvansberg, PW 38432",bryanttaylor@example.org
7708,Kayla Stewart,"0142 Allen Passage Suite 554\nSergiofurt, UT 30930",hannahchase@example.net
7760,Gary Reilly,"873 Martin Neck\nPort Sarahshire, LA 32477",melissa27@example.com
7790,William Smith,"309 Sanchez Parkways\nRogersstad, NY 39706",pevans@example.org
7797,Victoria Perez,"31734 Stewart Road\nBellfurt, UT 06318",bspears@example.net
7804,Dominique Torres,"30105 Ryan Heights\nHansonport, WV 64874",ericaaustin@example.com
7813,Christopher Johnson,"33655 Victor Square\nBradview, MT 71330",wandareese@example.org
7831,Richard Miller,Unit 7347 Box 1510\nDPO AE 36383,pdoyle@example.com
7852,Christian Smith,"4555 Alexander Coves\nNorth Edward, UT 38089",murphydenise@example.com
7855,Scott Smith,USCGC Gardner\nFPO AA 38058,alyssa36@example.com
7885,Carrie Velazquez,"33383 Cowan Greens Apt. 925\nNicholashaven, WY 93432",jonesjason@example.net
7903,Daniel Hoffman,"424 Olson Knolls Suite 351\nChenhaven, ME 39347",hernandezglen@example.net
7909,Carolyn Mckinney,"34618 Michelle Pass\nMartinezhaven, NJ 99217",ocrosby@example.net
7917,Patricia Quinn,"201 Mary Lodge Apt. 929\nEast Pamelaberg, NE 34916",noah81@example.com
7941,Eugene Brooks,"803 Perry Dale Suite 847\nHillmouth, ID 38439",grimesjesse@example.net
7968,Laura Smith,"997 Lauren Roads Apt. 442\nBauertown, WY 31532",josephmartin@example.org
7969,Mr. Dustin Murphy,"35651 Knapp Springs Suite 623\nSchwartzberg, IL 25295",ocraig@example.net
7989,Brianna Reynolds,"30195 Joseph Grove\nLake Adrian, CA 74996",toddmunoz@example.org
7997,Dr. Corey Smith,"1333 Burns Shoals\nSouth Jonathanstad, SD 30218",pwang@example.com
8009,Mrs. Jennifer Gaines,"191 Anna Islands Suite 057\nRogersland, AL 38010",boyerashley@example.org
8040,Ashley Lara,"059 Barbara Ports\nToddside, FM 30104",greergina@example.net
8052,Kristen Wilson,"7437 Miller Knolls Suite 914\nEast Teresa, GA 31464",ramosveronica@example.org
8060,Toni Wu,"3289 Johnson View Apt. 516\nNorth Antonio, TX 37237",crawfordjennifer@example.com
8067,Rachel Hines,"392 Wilson Freeway\nJohnsonmouth, PA 37734",daviladaniel@example.net
8080,Teresa Perez,"35194 Davis Burg\nMikechester, CT 29361",ericmooney@example.com
8081,Karen Knight,"35319 Miguel Unions Suite 196\nPort Melissa, AS 91793",kellywilliam@example.net
8092,Erica Mathews,"34604 Joanne Loop\nSouth John, MP 29008",zachary90@example.org
8108,Cody Scott,"8487 Edwards Square Apt. 834\nNew Ryan, UT 36999",mariareed@example.com
8110,Emily Lang,"585 Allen Station\nSouth David, MS 38828",rporter@example.com
8133,Donald Saunders,"0330 Alexander Tunnel\nNorth Aliciamouth, PW 35721",tamara36@example.org
8152,Sarah Stewart,"9381 Conway Squares\nLake Nicholas, OR 34360",wsanchez@example.net
8158,Brian Robinson,"35754 Annette Run Apt. 271\nMichaelland, VI 43951",bsanford@example.com
8171,Ashley Perez,"8328 Cunningham Canyon\nSouth Kendrabury, MT 33751",odavis@example.com
8190,Melissa Hardy,"934 Rebekah Track\nWolfmouth, FL 31732",wilsonrichard@example.org
8201,Rebecca Fleming,"355 Brian Coves\nGateschester, WA 31369",uporter@example.org
8202,Sara Jenkins,"4419 Clark Ranch Suite 356\nDennisbury, TN 30669",naguilar@example.net
8206,Katherine Ruiz,"308 Edwards Row\nCostahaven, GA 32311",jesse87@example.com
8216,Robert Ford,"2856 Carter Lakes\nNew Lisa, PW 34151",karen95@example.com
8223,Jeremy Farmer,"35442 Martin Branch\nMcdowellhaven, WA 12743",novakjulie@example.org
8240,Emily Cooper,"161 Edwards Summit Suite 811\nIvanville, IN 33348",kathryn81@example.org
8255,Heather Good,"37706 Reese Extension Apt. 188\nNicolemouth, IL 53018",michellelong@example.net
8258,Jamie Davis,"9459 Moore Turnpike\nPort Justinton, MH 35689",dianejones@example.org
8266,Antonio Chavez,"35002 Skinner Forges Suite 842\nMarcmouth, FM 36649",vlee@example.net
8279,Kelly Freeman,"PSC 0640, Box 5202\nAPO AA 39540",csalinas@example.com
8293,Hannah Brown,"38891 Byrd Forge\nLake Tannerchester, FM 11728",michaelriley@example.org
8301,Heather Ali,"955 Justin River Apt. 353\nEast Andrew, RI 37963",tyler86@example.net
8310,Kelly Schaefer,"32818 Gonzalez Mill\nNew Heidi, NY 82555",sylvia99@example.com
8314,Harry Miller,"661 Hunter Common\nNew Denise, TX 31844",andersondanielle@example.org
8335,Patricia Potts,"161 Diana Flats Suite 697\nBoydmouth, FL 39139",peterssamantha@example.org
8337,Christopher Carter DDS,"3485 Michelle Rest Suite 286\nSouth Russell, AS 38509",koliver@example.com
8352,Aaron Hopkins,Unit 2185 Box 2592\nDPO AP 35750,ericmoore@example.net
8356,William Atkinson,"9822 Matthew Turnpike\nWest Katieburgh, AR 38434",johnpoole@example.com
8358,Raymond Guzman,"38004 Potter Street\nLake Isaiah, GU 98504",qlong@example.org
8368,Joseph Burnett,"38588 Black Gardens\nBrittanyville, TN 42383",matthewkelly@example.org
8390,Mark Decker,USNS Benjamin\nFPO AP 32563,jorgecarroll@example.org
8391,Dr. Michael Wilson II,"129 Tammy Bypass\nNorth Markmouth, OK 35631",georgehall@example.com
8396,Matthew Bridges,"36092 Meadows Lake Suite 953\nPort Johnfort, AR 76436",frosttracy@example.net
8401,Clarence Kennedy,"988 Cherry Rue Suite 851\nKellytown, CT 34892",jeremy85@example.org
8424,Amber Costa,"376 Tracy Parkways Suite 188\nJillstad, MS 39714",miguelpope@example.com
8431,William Rose,"30926 Alvarez Motorway Suite 790\nPort Ryan, OR 34674",jim80@example.net
8432,Charlene Jones,"6874 Reeves Stream Apt. 880\nLaurenport, NM 36830",dianelittle@example.org
8435,Steven Jordan,"39236 Rogers Fields Apt. 641\nPattersonport, NM 63743",zmcgee@example.net
8448,Kimberly Snyder,"3127 Ellis Burg\nWolffort, WV 38078",manningnathaniel@example.net
8453,Dr. Kelly Wallace,"141 Jaime Fall Apt. 941\nLorichester, MI 34392",esmith@example.net
8455,Ryan Cruz,"2250 Rhonda Keys Suite 381\nEast Brent, MS 38862",qgraves@example.com
8456,Dawn Hamilton,"34126 White Parkway\nWilkinsbury, WY 95609",peter54@example.com
8462,Amanda David,"3036 Vincent Summit Apt. 085\nAlishaville, AR 39630",mccoybrandon@example.com
8463,Dr. Warren Harris,"3131 Gwendolyn Court Apt. 413\nKelseyberg, ID 32539",michael65@example.com
8467,Jay Brooks PhD,"7407 King Stream\nClarkshire, FM 37266",jennifer34@example.net
8470,Elizabeth Harper,"374 Thomas Glens Apt. 976\nPort Chad, PR 31480",djohnson@example.org
8478,William Harris,"30675 Karen Motorway\nMcclureville, PW 32743",rachelhammond@example.net
8493,Jill Gomez,"058 Beth Inlet Apt. 813\nNorth Anthonyside, NY 34830",jeremy07@example.org
8508,Sean Cordova,"2871 Taylor Burgs\nMichaelberg, SD 36187",jonessarah@example.com
8520,Jason Singleton,"33590 Todd Overpass\nJenniferview, AL 62291",njohnson@example.com
8526,Fernando Morris,"545 Rebecca Views\nCarrollbury, AZ 38337",jeremybaker@example.org
8541,Whitney Gomez,"366 Roberts Pass\nSandratown, MH 38446",susanmiranda@example.net
8555,Roy Dudley,"531 Colleen Islands Suite 594\nWest Dianaburgh, SD 32787",changsteven@example.net
8585,Mr. Ryan Holmes MD,"35078 Stacy Port\nSouth Kimberlymouth, NY 88091",christopher63@example.org
8590,Lisa Buckley,"PSC 0582, Box 1952\nAPO AA 36983",taylorfisher@example.net
8594,David Coleman,"4704 Davis Land\nPort Kevin, AS 37820",singhcandace@example.com
8621,Elizabeth Jones,"32229 Kathleen Well\nGonzalezchester, VA 92984",newtonnancy@example.com
8627,Alec Houston,"39933 Crystal Ports Suite 430\nAlexandermouth, SC 12392",cooperjodi@example.org
8634,Nichole Greene,"3815 Taylor Bypass Suite 651\nPort Mark, CT 38689",kellyanderson@example.com
8637,Christine Mejia,"396 Frank Falls\nNorth Jenniferville, MD 31451",selena20@example.net
8662,Joel Barnes,"8434 Faith Drive Suite 742\nSouth Lisa, CT 33325",valerieperez@example.com
8668,Dale Spears,"PSC 9307, Box 0126\nAPO AA 37684",shannon62@example.net
8681,Charles Nichols,"8386 Walsh Port Apt. 238\nButlerport, MO 39498",nancyesparza@example.net
8693,Amanda Richard,"31841 Goodwin Valley\nWest Michael, CA 77712",xsmith@example.org
8701,Cindy Church,"267 Yates Crossroad Suite 063\nEast Julie, FM 37378",ifrost@example.com
8711,Todd Mendoza,"108 Hicks Parkway Apt. 656\nHartfurt, FL 38154",zmunoz@example.com
8720,Amanda Mcneil,"PSC 3102, Box 6699\nAPO AE 32333",stephaniecarpenter@example.com
8728,Steven Mcdonald,"498 Kevin Village Apt. 853\nWest Nancyshire, ND 36240",joseph77@example.com
8775,Jennifer Johnson,"0444 Moss Island Apt. 409\nEast Shelleyport, NE 35560",robert15@example.org
8779,Becky Kim,"39848 Scott Forks Apt. 867\nWest Dana, DC 61799",rachaelknight@example.net
8795,Dennis Rodriguez,"7773 Julie Brooks Apt. 692\nSouth Anthonyshire, WI 35427",watkinsmatthew@example.net
8805,Roberta Rivera,"178 Long Island\nPhilipland, TX 38684",dominiquehamilton@example.org
8833,Andrea Fisher,"30934 Richard Mews Suite 146\nNew Summermouth, MA 69784",ericrogers@example.org
8838,Patricia Mclaughlin,"PSC 7344, Box 0103\nAPO AP 34556",terry42@example.net
8844,James Mccormick,"31457 Mary Track\nSouth Laurenstad, NM 90297",kschroeder@example.com
8848,Updated-8848,Updated-8848,Updated-8848
8867,Brent Oneill,"9498 Andersen Glen\nEast Laurenview, WV 33756",evansjulie@example.org
8888,Carlos Hughes,"38458 Michelle Valleys\nCraigfurt, RI 42003",ynguyen@example.com
8906,Melanie Miller,"402 Rachel Loop Suite 383\nRomanfurt, NC 33608",pphillips@example.org
8925,William Phillips,"5506 Garcia Court\nRussellborough, TN 36490",samantha15@example.net
8933,Mark Schultz,"707 Wilson Mission Suite 774\nNicolestad, MO 38957",jennifer11@example.net
8938,Updated-8938,Updated-8938,Updated-8938
8944,Robert Hamilton,"39165 Herrera Square\nChristopherberg, KY 20125",eric60@example.net
8959,Holly Kelly,"32253 Phillip Motorway Suite 541\nPort Benjamin, AK 36817",dominiquetaylor@example.net
8965,Rachel Oliver,"0874 Dillon Run Suite 537\nSouth Katherine, TX 38385",hopkinstara@example.net
8966,Nicole Banks,"795 Michelle Radial\nRothland, SD 38944",marilynwebster@example.com
8967,Susan Silva,"32378 Ross Haven Apt. 619\nAngelaport, MP 72464",hyork@example.org
8984,Ariana Castro,"289 Mary Row\nEast William, MA 36654",wjones@example.net
9005,Trevor Johnston,"30987 Yates Avenue\nNew Toddside, ND 06354",rowlandmichael@example.com
9022,Jonathon Malone Jr.,"8585 Walter Centers Suite 071\nKristenport, VI 37824",deborahking@example.org
9035,Roger Perkins,"6093 Anthony Curve\nSouth Kerrychester, WA 39878",priscillagomez@example.net
9042,Mary Carroll,"32121 Clements Spur Suite 457\nMichaelville, DC 79622",uthomas@example.net
9044,Christina Hall,"35293 Hannah Summit Suite 851\nJohnsonside, OK 07987",peter36@example.com
9048,Robert Huang,"688 Reed Mountain Apt. 109\nCarlsonview, WI 39667",salazarandrew@example.com
9061,Richard Shaffer,"4914 Ruiz Parks Suite 636\nSmithport, ID 36781",palmermichael@example.org
9063,Kimberly Hickman,"34445 Sims Shores\nLake Carolinechester, ME 23222",danielle16@example.org
9064,Joe Armstrong,"6527 Melissa Forges\nReidfurt, IL 30457",gregoryrush@example.net
9072,Christina Scott,"490 Becker Motorway Suite 611\nPort Debbieside, WV 31859",jonathan38@example.com
9074,Nicholas Jones,"31427 Steven Summit\nNew Christopher, KY 54485",hancockalicia@example.net
9082,Christina Villa,"38301 Rodriguez Way\nWest Seanland, NV 29133",iwilkerson@example.net
9085,Erin Jones,"4709 George Island\nPort Bradleyshire, MN 39607",valvarez@example.com
9088,Russell Payne,"31102 James Centers\nNorth Matthewton, NY 24757",zramirez@example.net
9090,Carrie Baxter,"34270 Charles Loaf\nCharlesstad, ND 58216",tcollins@example.org
9097,Cory Knox,"539 Linda Flats Apt. 551\nMaymouth, AK 31591",danielle13@example.net
9098,Joseph Carroll,"9671 Smith Points\nNorth Benjaminberg, PR 31494",rtodd@example.net
9102,Timothy Rogers,"31356 Hernandez Terrace Suite 068\nDanielbury, UT 40299",sandra43@example.org
9112,Jill Bennett,"34616 Madden Canyon Apt. 458\nSouth Jasonport, MS 46674",loveedwin@example.org
9114,Daniel Brock,"4881 Jason Fords\nSouth Taylor, MT 36325",mcdanielkenneth@example.org
9146,Kimberly Ali,"37588 Norton Shoals Suite 286\nMelissachester, ID 66066",xthomas@example.org
9156,Anne Hendrix,"5179 Amy Groves Apt. 872\nNorth Ryanville, NH 33916",juliehardy@example.com
9157,Claire Robinson,"448 Richard Knolls Apt. 839\nLake Tracy, NE 36898",zfrazier@example.org
9176,Richard Davis,"37641 Hansen Route Suite 201\nLake Ryanside, AS 40649",wwagner@example.com
9179,Jim Smith,"31925 Crystal Meadow\nNorth Deanburgh, AS 21899",jenniferacosta@example.com
9186,Kelly Best,"279 David Plaza\nPort Kimberlyfort, IA 37032",bowenshelley@example.com
9195,Jessica Garcia,"428 Justin Islands Suite 506\nNorth Justin, CA 39180",caseyzachary@example.com
9204,Jeffrey Brown,"7176 Jeremy Courts\nPort Kelseyshire, WY 39233",youngscott@example.org
9211,Richard Walker,"0061 Tracy Ways Suite 299\nLake Sarah, SD 37878",thorntoncesar@example.com
9215,Sara Lin,"PSC 9655, Box 9205\nAPO AA 33096",michellemeza@example.com
9216,Robert Norman,"36007 Tamara Rapids\nCartermouth, IN 21665",vjackson@example.org
9219,Chelsea Winters,USNS Patrick\nFPO AA 34705,pandrews@example.org
9227,Shane Henderson,"4294 Byrd Club\nJamesview, NC 38155",katrina97@example.net
9236,Jason Rosario,"7001 Leon Plaza Apt. 598\nOconnorton, AK 33549",patrickboyd@example.org
9240,Becky Barnes,USNV Cochran\nFPO AA 39914,maria17@example.org
9243,Lisa Edwards,"8946 Julie Summit Suite 629\nFreemanhaven, NV 33636",brownjesse@example.net
9270,Carlos Escobar,"647 Clark Shoal Suite 912\nWest Joshuachester, OK 31304",angela08@example.net
9282,Robert James,"1473 Klein Forest\nDevinview, NM 31461",nadams@example.org
9287,Michelle Washington,"0706 William Crescent Suite 910\nKingberg, AS 34289",brian06@example.org
9288,Paul Tucker,"716 Richard Ports\nPort Denise, HI 35598",cochranchristina@example.org
9299,Lynn White,"337 Irwin Extensions\nElizabethborough, WA 33266",kellylawrence@example.com
9301,Lisa Acevedo,USNS Morton\nFPO AP 35085,andersonstephen@example.net
9338,Diana Dixon,"137 Paul Mall\nMichelleland, MP 31588",joycegreen@example.com
9347,Daniel Velasquez,"5945 Gregory Crossing\nEstradastad, AK 39846",jessica68@example.org
9371,Crystal Ramirez,"34967 Edwards Club Apt. 544\nWest Erica, KY 62241",theresawalker@example.com
9389,Christine Baker,"7079 Jonathan Mews Suite 583\nEvanston, VT 38792",faithjacobs@example.org
9405,Isaac Thomas,"4919 Stewart Lock\nKelseyside, WI 39652",whawkins@example.net
9480,Michael Payne,"3016 Meghan Orchard Apt. 299\nWashingtonmouth, NV 34926",jonesamber@example.com
9485,Heather Washington,"215 Clinton Mall\nWest Annachester, MI 34486",dbell@example.org
9492,Updated-9492,Updated-9492,Updated-9492
9507,Derek Wilkinson,"416 Lauren Forks Suite 106\nNew Reginafurt, TN 32647",bettyreynolds@example.net
9520,Amanda Walker,"1892 Monica Circles\nLake Ronald, OR 31613",susan96@example.net
9550,David Wright,"35597 Daniels Spurs\nWatsonbury, KY 50884",pherrera@example.org
9553,Melinda Brown,"32454 Romero Flats\nNew Christinafort, KS 99720",alvarezmiranda@example.net
9556,Scott Taylor,"5689 Hughes Club Apt. 160\nCalderonmouth, IN 37462",michaelhall@example.net
9564,Rebecca Jones,"30293 Carter Brooks Suite 565\nSouth Thomasmouth, IN 44151",don63@example.net
9566,Jesse Clark,"441 Andrew Glen\nLake Stephanie, NC 31425",vbyrd@example.net
9587,Rita Jacobs,"5471 Veronica Course\nLake Cherylbury, NH 30139",blopez@example.net
9589,Elizabeth Martin,"6418 Cline Mills Apt. 991\nNew Timothyview, MO 36910",shepardmichelle@example.net
9607,Brett Roberts,"2585 Stephanie Dam\nDickersonton, MN 38576",pattontanya@example.org
9608,Douglas Simon,"32669 John Extensions Suite 536\nNew Tiffany, OK 77258",lhoover@example.com
9609,Kimberly Williams,"30569 Adkins Inlet Apt. 042\nNorth Emily, FL 31694",gayjacqueline@example.com
9611,Virginia Dean,"6343 Wilson Ridge\nPort Samantha, WY 34643",jamesdixon@example.net
9612,Joshua Williams,"34388 Caleb Street Apt. 508\nWest David, PW 70880",denise35@example.org
9628,Jennifer Fisher,USNS Kirby\nFPO AP 36470,maryrodgers@example.net
9635,Joel Garcia,"438 Gaines Meadow\nWest Jonathanfurt, RI 38491",ijacobs@example.org
9641,Jeffery Armstrong,"PSC 1619, Box 8218\nAPO AE 34776",bparker@example.com
9644,Cynthia Campbell,"089 Michael Mountain Suite 106\nDanielfort, FL 35460",sjohnson@example.net
9671,Michael Castillo,"33483 Murphy Haven Apt. 219\nEast Sarahtown, OR 82041",zfletcher@example.com
9682,Amber Graham,"873 Nelson Prairie\nTaylorberg, FL 33742",castrowilliam@example.net
9688,Brittney Ryan,"34472 Wallace Gardens Apt. 598\nPort Christopher, NV 87729",evalencia@example.net
9690,Noah Carpenter,"30219 Paul Heights\nEast Codyview, RI 94223",kimberlylopez@example.com
9699,Jeffrey Ewing,"3776 Best Fords Suite 039\nEast Laura, VT 39314",vanessagilbert@example.net
9710,Melissa Anderson,"874 Day Gateway\nKimfurt, ND 37699",samantha05@example.com
9729,Carl Brown,"34197 Jenny Gateway\nLake Matthew, WI 76407",williammitchell@example.com
9755,Stephen Gutierrez,"049 Alex Crest Apt. 562\nNorth Susanberg, NJ 37435",jesus43@example.org
9799,Amy Moore,"512 Deborah Course\nValenciamouth, PW 34458",westjennifer@example.org
9806,Xavier Wood,"1317 Erik Ferry Suite 168\nNguyenview, AZ 31490",christopher80@example.net
9840,Lisa Tate,"424 Steven Falls Suite 672\nWest Shawnshire, PW 34793",popejohn@example.net
9876,Natalie Jordan,"32283 Amber Centers Apt. 484\nAcostafort, GA 81962",christopher39@example.net
9892,Jorge Atkinson,"806 Stokes Summit\nSouth Ryan, TX 35053",flynnwilliam@example.org
9902,Thomas Odom,"9934 Sutton Route Apt. 751\nLisachester, KY 31006",herbert55@example.net
9904,Alicia Rogers,"4083 Pennington Plains Apt. 491\nLopezview, AZ 37822",chasewilliams@example.org
9944,Ms. Kathy Lynch,"9711 David Extensions Suite 385\nEast Marioville, KY 31067",emilybyrd@example.net
9956,Jeremy Medina,"5428 Lisa Circle\nGordonberg, MH 33670",michael94@example.org
9968,Daniel Meyer,"7429 Isaac Lodge Apt. 146\nEast Leslieshire, DC 33762",wolfecharles@example.net
9976,Gary Haney,USS Casey\nFPO AA 32209,hardydavid@example.org
9979,Hunter Baird,Unit 0108 Box 6123\nDPO AE 32975,gordonmiller@example.org
9986,William Kane,"3661 Tyler Shoals Suite 880\nMcdowellshire, PR 32281",ymartin@example.com
10000,Ashley Wiley,"PSC 4703, Box 0680\nAPO AP 37665",philip53@example.net
15,Colleen Hull,"3768 Frank Unions\nPort Jonathan, WA 37384",kimberlymartin@example.org
31,Anthony Lam,"34458 Albert Station\nBeckyton, NY 16655",krystal51@example.net
38,Alison Bennett,USCGC Park\nFPO AE 34965,lmullen@example.org
43,Amber Hall,"31162 Mueller Corner Apt. 772\nNew Kevin, DC 28880",clinematthew@example.com
45,Megan Long,"405 Christine Inlet\nSouth Thomasbury, GA 37867",kimberlymartinez@example.org
53,Robin Hammond,"773 Boyer Harbors\nNew Johnnyfort, GA 36716",mbartlett@example.org
56,Lisa Lopez,"9052 Mora Lights Suite 190\nSherriton, OH 35799",ocollins@example.net
81,Jacob Campbell,"430 Carmen Flats Apt. 708\nNorth Danielside, SD 35244",williamskristen@example.com
82,Cheryl Camacho,"6429 Brady Station\nMichaelport, ME 31553",william74@example.com
88,Jason Jones,"9154 Joseph Turnpike Apt. 862\nBonnieborough, OK 39951",michelle88@example.net
114,Megan Pruitt,"30358 James Harbor Apt. 004\nHarriston, OH 04762",brianbutler@example.org
116,James Gomez,"5297 Bell Plaza Suite 343\nWest Bonnieland, OH 33021",daniel38@example.com
126,Frances Hobbs,"944 Berg Trace Apt. 417\nSimpsonchester, VT 32895",elizabeth37@example.com
129,Jose Fry,"360 Smith Crescent Suite 958\nAngelaside, NH 35953",chaddouglas@example.com
137,James Adkins,"179 Williams Parkway Apt. 947\nNew Robertfort, AK 30456",suttonjames@example.com
147,Tina Macias,"33480 Jackson Heights\nPort Jeanton, PW 20303",michaelaustin@example.com
154,Monica Stark,"34687 Willis Loop Suite 231\nReynoldsborough, LA 42632",owenssheryl@example.com
165,Bailey Brown,"801 Allen Mews Apt. 861\nEast Rebekah, MD 38607",collinsnicole@example.net
169,Claudia Garcia,"PSC 4640, Box 0280\nAPO AA 32845",henrynicole@example.net
190,James Mills,"PSC 7236, Box 5630\nAPO AE 35237",brian86@example.org
225,Timothy French,"185 Joshua Dale Suite 941\nNew Melissaborough, MN 38621",rachaelwalker@example.net
229,Mary Davila,"37244 Booth Lock\nLake Josephburgh, MO 82511",william34@example.com
232,Lisa Oneal,"36363 Reed Spring\nPort Luistown, AS 32062",snowanthony@example.net
234,Adam Hill,"9528 Michael Neck Apt. 929\nAnthonyberg, KY 33703",christopher26@example.net
238,Brianna Phillips,"32722 Theresa Crossroad Suite 170\nRachelshire, WA 27707",larsonashley@example.com
246,Susan Macias,"4177 Kim Tunnel\nSouth Robert, GU 30044",bellrachel@example.net
253,Chad Burton,"061 Rivera Island\nWebsterborough, OR 34157",mckinneydavid@example.net
254,Benjamin Kent,"3534 Tracy Underpass\nNew Daniel, ND 38896",gabriella18@example.org
266,Julie Pena,"036 Chan Circle Suite 964\nTownsendbury, DC 33842",vgalloway@example.org
286,Adam Patel,"657 Figueroa Extension Suite 338\nShanestad, NE 36831",fordedward@example.com
303,Kyle Mcdowell,"648 Davenport Club\nEstesland, NV 36020",rjohnson@example.com
329,Daniel Meyer,"199 Lane Hill Apt. 060\nRaymondland, NC 35060",reyesjavier@example.org
349,Eric Christensen,"8284 Proctor Club Suite 988\nWest Carlland, WY 30475",pughchristine@example.net
355,Jose Jenkins,"361 Alexandria Vista Suite 270\nSouth Kaylaberg, GU 31577",bmarquez@example.com
360,Mark Wilson,"35235 Santos River\nPort John, IA 07427",anthonysummers@example.net
367,Edward Pugh,"982 Norton Fields Apt. 989\nNew Jennahaven, MT 34899",andersenjames@example.com
372,Brian Lynch,"786 Carrillo Stream\nSouth Brandishire, NJ 30307",graydakota@example.net
378,Monica Taylor,"PSC 2323, Box 3627\nAPO AP 35644",osutton@example.org
379,Ryan Hernandez,"PSC 7303, Box 1691\nAPO AE 32936",garciamorgan@example.net
405,Carol Kennedy,"7820 White Underpass Apt. 267\nJamesmouth, FM 37758",carterbrooke@example.net
424,Micheal Lynch,"39988 Brenda Club\nKennethbury, MD 96201",slarsen@example.org
428,Scott Powell,"PSC 2556, Box 5377\nAPO AA 33357",tina38@example.org
434,Shelley Weiss,USCGC Parks\nFPO AE 32734,adamsandrew@example.com
441,Jack Hernandez,"532 Angela Springs Suite 191\nEmilytown, VA 31678",iperkins@example.net
454,Richard Briggs,"938 Dorothy Mount Suite 610\nMasonborough, NM 38364",fhull@example.org
455,Edgar Hicks,"38483 Chase Hills\nAlexaburgh, VI 03385",torresdavid@example.org
457,Willie Stein,"389 Jones Tunnel Suite 988\nKennethport, SD 34565",andrewfarrell@example.com
461,Lori Maddox,"8752 Davis Turnpike Suite 797\nPort Austintown, HI 33989",nelsonsabrina@example.net
463,Diana Morrow,"817 Alexander Heights Suite 456\nNorth Derekshire, CA 39208",nhawkins@example.net
474,Dylan Cox,"630 Bright Square Apt. 857\nRicardofort, PW 37040",christophercervantes@example.org
479,Cynthia Mitchell,"046 David Parkways\nTracyview, MA 30961",hweber@example.net
486,Danielle Harris,"35816 Scott Pike\nNorth Kellychester, VT 04006",darlene30@example.com
507,Ryan Miller,"735 Matthew Land\nEricstad, UT 30007",kathleengriffin@example.net
549,Raymond Houston,"6684 Matthew Crest\nShaneshire, OR 30500",jonesmichael@example.org
555,Jessica Watson,"8004 Dana Prairie Suite 456\nRushview, ID 36487",igreen@example.com
562,Sylvia Wilkinson,"830 Smith Avenue\nLake Tiffanyhaven, CO 33075",beckchristine@example.org
563,Nicholas Sampson,"158 Deborah Springs\nTiffanyport, FL 37542",nina90@example.org
565,Rachel Huang,"30762 Stanley Causeway\nDavisbury, NE 08120",abailey@example.com
566,Raymond Bennett,"39775 Kelsey Via Apt. 231\nNew Christineborough, MD 61284",sellerslarry@example.org
570,Maurice Ellison,USCGC Johnson\nFPO AA 39963,harrellpatrick@example.org
584,Stephen Pruitt,"32789 Ross Island\nThomasmouth, FL 09058",zachary70@example.net
590,Sarah Brown,Unit 9442 Box 1015\nDPO AA 33051,boothalexis@example.net
600,David Miranda,"246 Baker Valley Suite 750\nClementsmouth, PW 36128",jensenteresa@example.net
611,Colton Maldonado,"6100 Avery Tunnel Apt. 966\nLewismouth, MP 35508",xbarker@example.net
625,Ms. Connie Sparks,"5090 Annette Spurs Apt. 559\nPort Rebeccahaven, SD 31368",brianwilliams@example.org
630,Amanda Steele,"3849 Ramos Passage Suite 843\nPort Audrey, ID 34892",jacobthomas@example.com
637,Scott Malone,"35068 Brennan Street\nBenjaminfort, PR 18230",fbennett@example.net
642,Craig Berger,"8185 Edwards River Apt. 505\nNorth Erica, TN 31399",stephaniehoover@example.net
658,Jacob Sanders,"233 Jones Via\nNorth Stevenville, PA 30868",elizabethscott@example.org
664,Daniel Swanson,"5302 Chad Fork\nChristopherland, MA 30458",lawsoncurtis@example.com
667,Trevor Leonard,"32468 Lucas Via\nLake Corey, KY 76760",gary37@example.net
679,Amber Jones,"5094 Edwards Valleys\nPort Gregory, CO 34293",brooke12@example.net
690,Tom Hughes,"6479 Stephanie Crossing\nJacksonfurt, OR 30194",johnsonadam@example.org
692,Tammy Edwards,"0324 Jason Lane Suite 570\nLake Justin, AR 37159",mtaylor@example.org
738,Brandon Trevino,USS Sanders\nFPO AP 31283,ybaker@example.net
744,James Hamilton,"1487 Jermaine Prairie\nLake Jamiestad, FM 33831",sclark@example.com
771,John Martin,"452 Olson Passage Suite 252\nChelseaside, DC 39627",hgibson@example.net
777,Stephen Bailey,"37204 Brandon Plains Suite 410\nLake Alyssa, AL 37425",johnmcmahon@example.net
801,Kristen Patel,"590 Ryan Drives Apt. 532\nJameston, NE 35960",stephen64@example.org
809,Ariel Silva,"441 Charles Drives\nPort Sherylmouth, OR 37961",smithdeborah@example.net
811,Ian White,"089 Elaine Stravenue Apt. 473\nCoxstad, LA 38626",kathrynevans@example.net
820,Jessica Perry,"849 Combs Spring Apt. 036\nEast Glen, KS 35020",christopher53@example.com
838,Daniel Miller,"2097 Shawn Grove\nSouth Andrewhaven, MS 33461",larry21@example.com
851,William Reeves,"6014 Barbara Stream Suite 235\nLauraport, IL 39742",amoore@example.com
855,Robert Ross,"0044 Park Gardens Apt. 767\nWilliambury, NE 34285",marybeck@example.com
859,Christopher Mcdonald,"31571 Stanley Tunnel\nPort Lanceberg, AR 14330",garciastacy@example.net
864,Rose Anderson,"742 Donald Forge Apt. 633\nWallaceville, ME 32481",kristyboyle@example.org
871,Adriana Wilson,"36316 Mark Parkway\nPort Ryan, FM 20802",zarroyo@example.net
872,Kim White,"132 Adams Mills Suite 399\nEast Erica, HI 39161",tmartin@example.net
889,Andrew Copeland,"7306 Smith Ville\nWest Sarahtown, PA 31762",taylorjared@example.org
891,Sheena Tran,"935 Benjamin Forks Apt. 949\nGallegosside, MT 36064",martinjames@example.com
897,Kelly Smith,"5348 Palmer Dam Apt. 699\nJohnsonmouth, NC 32930",wilsonnicholas@example.org
906,Brittany Jacobs,"908 Jordan Bypass\nEast Tabithahaven, MO 39493",owensdebra@example.org
907,Maria Neal,"008 Valdez Lock Suite 299\nHarrisonmouth, ND 33301",princemelinda@example.com
916,Timothy Cohen,USS Herrera\nFPO AP 30119,mayerphillip@example.org
923,Hunter Dillon,"549 Greene Hollow Suite 230\nNorth Craig, NJ 35820",bryanmiranda@example.net
946,Jamie Berry,"764 Doyle Station\nWendymouth, NC 35241",cassidy32@example.com
947,Debbie Wong,USCGC Jones\nFPO AA 34110,ashleyjohnson@example.net
950,Wendy Villanueva,"8064 Andrea Causeway Apt. 083\nHeidiborough, NJ 32940",gnunez@example.net
972,Dana Nelson,"788 Henderson Overpass\nDanielville, DE 31117",santiagodevin@example.net
973,Angela Guerra,"31330 Wolfe Village\nNorth Jennifer, IN 70180",codypruitt@example.org
974,Tina Anderson,"519 Autumn Land Suite 435\nKimberlyfort, PA 30150",sotodaniel@example.com
975,Sarah Thomas,"31832 Catherine Locks\nMoorestad, VI 13607",carmentorres@example.net
977,Margaret Howell,"33281 Galloway Forks\nAshleeview, TX 45440",stevenpatterson@example.org
1008,Anthony Harris,"2868 Sampson Hollow Suite 699\nDavidbury, NV 32357",johnsonchris@example.org
1017,Gloria Fletcher,"31257 Derek Islands Suite 326\nMcdonaldfort, CA 09363",jennifervillarreal@example.net
1024,Betty Morgan,"4188 Taylor Gateway Apt. 417\nSouth Kirkburgh, VA 35622",margaretoliver@example.com
1034,Patrick Gregory,"5123 Brittney Trail\nShahborough, IA 30177",hallhannah@example.org
1071,Terry Gibson,"416 Benjamin Plains\nMartinbury, MT 34374",williamscassandra@example.org
1081,Morgan Wheeler,"210 Sharon Branch\nParksview, ME 37913",evanscarolyn@example.org
1102,Timothy Massey,Unit 6942 Box 8665\nDPO AP 31396,whernandez@example.com
1117,Erica Smith,"698 Brown Spring\nSouth Kathleenfort, NE 31630",dennis86@example.net
1130,Robert Smith Jr.,"37384 Jeffrey Course\nNorth Oliviachester, MI 76764",jonathanturner@example.net
1132,Marcus Williams,"5416 Evans Village\nNew Michael, ND 32987",thomas60@example.com
1149,Jerry Calderon,"0132 Michelle Well\nHeatherport, OK 37724",mathisjames@example.net
1156,Kenneth Mcpherson,"31193 Reeves Mall Suite 067\nMichellehaven, TX 25154",zwong@example.com
1158,Brandon Farmer,"747 Burke Cove\nJoanneburgh, IN 39293",glynch@example.net
1162,Jimmy Tran,"6318 Avila Highway Suite 980\nSouth Jenniferside, FM 34365",johnsontanya@example.com
1167,Shirley Young,"35025 Wolf Pine Suite 088\nBrooksburgh, MP 34048",shannon97@example.org
1174,Eric Prince,"6174 Flowers Trafficway\nKylestad, AL 31702",hamiltonrebecca@example.com
1198,Elizabeth Sandoval,"35056 Heather Bridge\nNorth Dylan, AK 55996",gloriakelly@example.org
1203,Jeffrey Henry,"4185 Gutierrez Pass\nAngelview, MH 34903",samuel55@example.org
1207,Nicole Goodman,"580 Rios Cape Suite 027\nNicholasbury, NH 37233",rlandry@example.com
1220,Sarah Ortiz,"37588 Christopher Fields Apt. 647\nNew Sarah, AK 25267",brooksjennifer@example.com
1227,Angela Sherman,Unit 4883 Box 9549\nDPO AE 35121,nathanwheeler@example.com
1238,Robert Simon,"30587 Adams Bypass Apt. 948\nPoncetown, MS 16977",drasmussen@example.com
1240,Steven Johns,"796 Kimberly Ports\nSouth Thomas, WA 36603",tfoster@example.org
1241,Katie Hubbard,USNV Mcdaniel\nFPO AA 30463,woodarddarrell@example.com
1248,Troy Webb,"5853 Brandy Rapid Suite 246\nNew Katherinefort, ID 32625",howardbrandon@example.org
1257,Brian Wright,"36069 Carol Gateway Suite 324\nKingmouth, KS 52827",smithkelly@example.org
1287,Amanda Ramos,"38500 Troy Glen Suite 555\nBarbaraland, IN 66694",krodriguez@example.org
1288,Brandon Stewart,"0267 Austin Grove\nNorth Kayla, MD 33690",thomasmegan@example.com
1301,James Hurst MD,"34400 Tiffany Row\nRachelhaven, AL 42343",vskinner@example.com
1312,Jenny Lane,"167 Melissa Prairie Apt. 043\nWest Jennifer, FL 31073",carterian@example.com
1315,Monica Thomas,USNS Frost\nFPO AA 30337,michelecook@example.com
1321,Robert Gates,"0059 Brandon Knoll Suite 166\nPort Monicaton, KS 34898",elliottsherri@example.com
1334,James Hernandez,"8596 Miller Spring\nBrendaburgh, PW 34046",qbell@example.net
1336,Derek Mendoza,"31437 Bradley Extension Apt. 636\nCareymouth, RI 72069",qgilmore@example.com
1340,Jennifer Kelley,"651 Johnson Green\nLake Charles, MA 30077",eford@example.net
1342,Matthew Maddox,"3541 Ernest Circle Suite 870\nNew Andre, NH 37459",jaredbaker@example.org
1355,Becky Romero,"2685 Stacey Inlet\nPatriciaton, KS 36623",sdixon@example.org
1358,Christopher Young,"31637 Denise Estates Apt. 044\nBartlettborough, VT 85594",lisawatts@example.net
1373,Cameron Valenzuela,"8687 Simmons Causeway\nSouth Brianmouth, NV 39622",stricklandlinda@example.org
1387,Joseph Buchanan,"39317 Autumn Prairie Apt. 881\nReynoldsborough, FM 90430",ihunter@example.org
1395,Stephanie Gonzalez,"386 Robert Forks Apt. 865\nLake Rhonda, PW 31134",christinamay@example.org
1410,Vincent Spears,"8800 Parker Shores\nAdamshire, SD 31591",rogersjennifer@example.org
1414,Jillian Jones,"713 Wilson Centers\nPerryburgh, AZ 38823",maldonadowilliam@example.net
1427,Steven Erickson,"PSC 3483, Box 1111\nAPO AP 35527",margaret65@example.net
1441,Mason Lucero,"38451 Mccullough Point\nPort Amber, AK 36987",christophermarks@example.net
1458,Jenna Sanders,"1302 Arnold Isle\nWhitemouth, MH 39294",tami40@example.org
1474,Rachel Fletcher,"6101 Ingram Haven\nPort Maryland, IN 37577",ebartlett@example.org
1478,Brett Mitchell,"38233 Paul Stream\nRachelberg, PR 99768",tramirez@example.net
1480,Stephanie Garcia,"5419 Eduardo Roads\nPruitthaven, DE 35896",dennis61@example.org
1484,Felicia Jensen,"33865 Ryan Lodge\nAllisonview, ME 65401",ehenry@example.org
1495,Ricky Howell,"31198 Anna Islands\nRubenshire, RI 58503",jenniferpena@example.net
1498,Shelby Rivera,"30441 Raymond Cliff\nEast Joseph, AK 16550",pamelahurst@example.org
1501,Tyler Crane,"824 Bowman Field\nScottborough, AZ 30091",guerreroadam@example.net
1520,Rickey Cruz,"1140 Judy Mount\nCaseyborough, AK 33023",johnwashington@example.net
1560,Diana Davis,"3376 Hunt Rapids\nBrownstad, SD 38360",rbolton@example.com
1563,Lisa Hoover,"585 Jones Tunnel Suite 517\nEast Nicole, WA 37766",james18@example.com
1564,Rebekah Lowe,"9234 Scott Mall Suite 860\nNorth Jeffrey, RI 37803",vazquezaustin@example.com
1565,Charles Baker,"37028 Tracy Port Apt. 456\nHubbardport, DE 82872",owood@example.net
1567,John Chase,"31327 Tucker Brooks\nDebramouth, VI 61274",judithreed@example.com
1576,Emily Austin,"32707 Emily Springs\nGrayberg, ND 65594",vreynolds@example.org
1583,Jessica Banks,"3184 Mark Mall Suite 741\nNew Erinberg, HI 39318",krystal08@example.net
1587,Rachel Garcia,"PSC 2261, Box 0135\nAPO AP 37147",lyoung@example.com
1597,Emily Sherman,"1886 Gill Walk Suite 222\nAmandachester, KY 30300",austin33@example.org
1602,Dr. Karen Williams,"2090 Michael Field Apt. 918\nVasquezport, MA 31399",leonard75@example.org
1622,Renee Wright,Unit 1778 Box 8235\nDPO AP 30325,haynesscott@example.com
1624,Marcia Shepherd,"881 Nelson Harbors\nTimothyfort, AL 30251",dylankramer@example.org
1645,Brandon Hansen,"0262 Kyle Lane Suite 981\nLake Dennishaven, ID 34350",richardaustin@example.org
1651,Stephen Johnson,USCGC Smith\nFPO AP 30540,patrickpruitt@example.net
1656,Christopher Barnes,"4399 Jennifer Spurs\nKaitlinburgh, AL 37748",kruegerjoanna@example.net
1695,Eric Mills,"4996 Paige Cove\nEast Sarah, RI 38360",ggalvan@example.net
1696,Shelly Williams,"109 Hammond Green\nMoniquehaven, SC 34112",robertharrison@example.org
1720,Brittany Ortiz,"579 Darlene Manor Suite 135\nWest Alexander, WY 38243",williambrown@example.com
1723,Joseph Gaines,"8431 Martin Plaza Suite 312\nPort Lisa, MH 30990",holly50@example.com
1750,Grant Adams,"31605 Heath Station Apt. 790\nNew Katherine, WA 85768",trodriguez@example.com
1758,Ashley Myers,"32116 Charles Road\nMeganborough, NC 84322",gparker@example.org
1768,Heather Sutton,"1222 Robinson Springs\nTownsendtown, SD 33729",josephlivingston@example.net
1772,Alexandria Khan,"903 Jeffrey Trafficway Apt. 803\nLake James, NM 36215",walter33@example.org
1790,Michael Downs IV,USNS Johnson\nFPO AA 34448,guy03@example.com
1800,Christine Vincent,"690 Don Trail Apt. 296\nLake Jefferyhaven, OR 37110",ijones@example.com
1815,Michelle Cooper,"014 Timothy Garden Suite 576\nJuanchester, NH 39630",xhartman@example.org
1825,David Buck,"0025 Lisa Loaf Apt. 826\nGibsonport, AK 35606",ericksonandrew@example.org
1839,Jason Vincent,"189 Christopher Summit Suite 931\nCoxville, CO 37175",jcox@example.org
1850,James Anderson,"34100 Kimberly Mall\nSouth Henrytown, HI 31204",leslie74@example.com
1855,Dawn Graham DDS,"760 Mark Springs\nDavidview, MN 32528",doughertysamantha@example.com
1860,Gary Duke,"2242 Carrie Route\nLake Larrybury, AL 39318",evanscrystal@example.net
1866,Joe Scott,Unit 5611 Box 0986\nDPO AP 33303,zjohnson@example.com
1872,Suzanne Flowers,"8655 Lyons Plaza Apt. 813\nWest Debra, GA 39861",juangriffin@example.org
1878,Olivia Kelley,"606 Aaron Camp Suite 487\nSouth Stevenshire, OR 38106",huangdavid@example.org
1884,Glenn Mcdonald,"33609 White Mountain\nGreenmouth, MD 18905",kelsey00@example.com
1897,Emily Fowler,"36265 Hahn Loaf\nMartineztown, VT 64503",flynndana@example.org
1911,Jamie Martinez,"36574 Traci Burg Apt. 240\nButlerland, MA 73309",william61@example.com
1921,Carmen Haney,"814 Jimenez Square Apt. 605\nHunterton, CA 31227",johnsonleroy@example.net
1937,Arthur Grant,"191 Trevino Mount\nChadmouth, TN 30037",clarkspencer@example.org
1938,Deanna Mueller,"8150 Reid Neck\nNew Bryanfort, LA 32819",crystal32@example.org
1950,Bryan Hicks,"9159 Andrade Drives\nMichaelshire, TX 33222",madisonharper@example.net
1963,Erin Reilly,USCGC Lopez\nFPO AP 37304,tina52@example.org
1970,Beth Meyer,"974 Dawn Villages\nWest Justinchester, NY 37981",arobinson@example.org
1972,Rhonda Roberts,"36122 Alexis Burgs\nKellertown, MO 48150",bensonnicholas@example.net
2004,Kristopher Yates,"570 Sanchez Underpass\nNew Kevinside, GU 32184",austin92@example.org
2022,Daniel Moreno,"972 Erin Hollow Suite 728\nMartinezland, LA 31508",karahines@example.org
2038,Nicole Hansen,"PSC 0136, Box 0773\nAPO AP 36632",richardsonstephen@example.org
2059,Kelly Leon,"391 Roberson Route\nSouth Juliatown, MP 39196",johnsmark@example.com
2068,Danny Clarke,"861 Hall Harbors Suite 513\nNorth Jerry, GU 36548",douglaswelch@example.net
2095,Terry Burke,"34928 Thomas Court Suite 703\nPort Terri, NJ 34985",scottrios@example.org
2105,Crystal Hobbs,"PSC 1684, Box 8551\nAPO AE 30933",jason46@example.com
2109,Grace James,"36735 Tucker Bridge\nJustinton, CA 21844",crawfordrachel@example.org
2113,Tyler Garcia,"5895 Parsons Ranch\nWilliamsburgh, AK 38306",wayne82@example.org
2114,Richard Garcia,"30052 Michael Heights Suite 226\nBenitezland, MP 42569",michellecollins@example.net
2128,Sabrina Morales,"3912 Dennis Mountains\nAmandamouth, SC 39376",kendracoleman@example.org
2156,Suzanne Davis,"37304 Goodwin Tunnel\nEast Steven, IA 17767",brandon71@example.net
2167,Stacie Lopez,"754 James Ridge Apt. 694\nBlankenshipton, AR 32682",amy97@example.com
2185,Mitchell Morgan,"4150 Krista Square\nNicholshaven, MS 31120",mooneytricia@example.net
2197,Meghan Alexander,"7300 David Burg\nTimothychester, NJ 31822",horneeric@example.com
2201,Justin Alvarado,"172 Julia Lights\nPort Lonnieview, WY 30853",wfreeman@example.com
2209,Leslie Beck,"31867 Douglas Mission\nBeckybury, RI 52997",david10@example.com
2210,Stuart Camacho,"PSC 8254, Box 5734\nAPO AA 30157",ypham@example.net
2216,Dawn Price,"30165 Curry Throughway\nWest Michael, CA 04586",mpalmer@example.com
2219,Donald Murphy,"604 Stephen Station\nJoshuahaven, VT 34565",mark03@example.com
2241,Kaitlyn Garcia,"3933 Gregory Knolls\nFloydport, PW 36139",thompsondevin@example.com
2243,Donna Hart,"38701 Austin Mews\nMosleyview, IN 29125",angelahowell@example.net
2247,Matthew Lutz,"918 Lauren Gateway Suite 003\nRodriguezville, TX 35887",harringtongreg@example.org
2256,Robert Martinez,"6163 Ryan Expressway\nNorth Rebecca, LA 39089",joshua15@example.org
2291,Regina Lang,"181 Travis Estates\nKimberlyside, AZ 32690",andrewbrown@example.com
2297,Jeffrey Norman,"5244 Wayne Island Suite 420\nRossside, AK 34386",samanthaboone@example.org
2298,Mark Warren,"013 Charles Parkways Apt. 501\nPort Michellefurt, NC 39680",djohnson@example.com
2317,Jeffrey Lindsey,"6339 Hernandez Station Apt. 796\nLake Jacobbury, WA 33173",michael10@example.org
2330,David Archer,"488 Delgado Route Suite 191\nMatthewfurt, NV 32187",clarknathan@example.com
2334,Jordan Cox,"102 Scott Center\nSouth Vickitown, MN 38467",martinezcristina@example.net
2335,Luis Huff,USS Brown\nFPO AA 38504,perrychristopher@example.org
2354,Shane Salazar,"33045 Alexander Passage Suite 874\nEast Julie, VI 08143",jessicamurphy@example.com
2357,Wendy Lowe,"454 Dawn Key Suite 165\nNorth Michaelview, NV 33973",bsalinas@example.net
2361,Lisa Brown,"37752 Randy Parkways Suite 902\nKristintown, OK 53336",blackburnjoshua@example.net
2372,Joe Brown,"PSC 5233, Box 6879\nAPO AA 30507",kathydavis@example.net
2391,Michelle Stout,"7641 Smith Walks\nNorth Markton, OH 36940",leonard85@example.com
2393,Renee Atkins,"810 Pamela Road Suite 780\nNorth Tracyland, NC 35345",courtney56@example.com
2399,Christine Stark,"541 Ellison Plains Apt. 562\nSmithbury, PA 32571",maryrobinson@example.org
2407,Terri French,"061 Teresa Lodge Suite 707\nChristineville, DE 38442",tommyphillips@example.net
2412,Andrew Small,"1671 Keith Greens\nGlenton, IL 33901",hannahbecker@example.com
2417,Mr. Michael Duncan,"34871 Sarah Islands Apt. 843\nNew Jeffrey, NY 63693",christopherclayton@example.org
2424,Jessica Rogers,"5721 Joseph Heights\nEast Shannontown, GU 35665",delacruztom@example.org
2444,Kathryn Leblanc,USS Hernandez\nFPO AP 34651,jenniferknox@example.net
2445,Charles Mendoza,"387 Don Squares\nRichardschester, VA 35863",pamhoffman@example.org
2465,Jeffery Jones,"825 Kathryn View Apt. 582\nTrevinoland, KY 36031",weaverjesse@example.com
2466,Melissa Brown,"435 Daniel Station\nToddstad, KY 30463",juliangeorge@example.com
2480,Richard Bowen,Unit 4230 Box 4671\nDPO AE 30022,brentholmes@example.net
2488,Ariel Garcia,"142 Barton Curve\nDixonport, MN 38005",woodbenjamin@example.org
2501,Adrienne Graham,"249 David Manors\nNguyenfort, MI 31519",browncameron@example.com
2505,Sharon Castillo,"0835 Burke Run\nEast William, MH 32809",andersonalyssa@example.org
2509,Erica Diaz,"PSC 9059, Box 4162\nAPO AE 31852",wilsonalan@example.net
2517,John Elliott,"30514 Figueroa Spur Suite 892\nWhiteport, VA 74800",pstevens@example.org
2530,Leslie Wilson,"36683 Mccann Forges\nMackbury, PR 67082",courtney98@example.org
2536,Kevin Rogers,"522 Joseph Isle Apt. 054\nNorth Cameronton, MP 39979",stevenschristina@example.net
2546,Matthew Bryant,"9188 Paul Inlet Suite 409\nPhillipsstad, NY 36871",nmiles@example.net
2553,Jessica Perez,"7254 Mack Village Apt. 938\nEvanshaven, NH 39522",hcarlson@example.org
2554,Mr. James Ward,Unit 3537 Box 7222\nDPO AP 39970,bennettbrandon@example.org
2562,Stephanie Brown,"9212 Hernandez Gardens Suite 822\nSouth Bobby, OH 39241",jessica47@example.com
2568,Johnny Jackson,"163 Casey Rue\nJoshuamouth, CT 36735",tmeyer@example.com
2574,Julie Hayes,"3992 Hernandez Mount Apt. 085\nNorth Jenniferfurt, MS 39661",samanthadaniels@example.com
2577,Carl Smith,"844 Jennings Pike\nTeresachester, NE 31732",justin85@example.net
2589,David Gordon,"288 Patterson Corner Apt. 766\nAndreamouth, AZ 32988",wagneralexandra@example.org
2591,Michael Edwards,"300 Mendez Tunnel Suite 074\nLake Georgeside, NC 38490",kristentapia@example.org
2600,Tiffany Rojas,"029 Murphy Ville\nMillerchester, HI 38280",ssmall@example.org
2605,Karen Gonzales,"37377 Kaitlyn Pike Apt. 440\nEast Nicoleberg, MD 77409",kevin29@example.com
2638,Amy Escobar,"3964 Miller Run\nLake Rachel, FL 37389",emily15@example.com
2640,Stephanie Ford,"1647 Jessica Springs\nWest Christineton, HI 36843",teresarobinson@example.org
2654,Steven Gill,"38669 Linda Knolls Suite 974\nSouth Amyburgh, NV 32120",kevinsmith@example.com
2662,Christopher Tucker,"9289 Andrew Circles\nSandersmouth, PW 36246",fvega@example.net
2666,Stacy Johnson,Unit 7720 Box 7359\nDPO AE 37979,qyoder@example.com
2675,Frank Salazar,"39268 Dixon Prairie\nPort Kellystad, NY 54025",colealexis@example.org
2687,Mrs. Brittany Miller PhD,"4715 Michael Mountain\nPort Jaimeborough, NC 31245",stephaniesnyder@example.org
2717,Kelly Johnson,"962 Ronald Village Apt. 582\nHaleystad, MD 33217",scott15@example.com
2719,Autumn Gardner,"574 Allen Crest Apt. 780\nCrystalchester, AL 31865",normanmarie@example.org
2722,Katelyn Rowland,"4417 Garcia Walk Suite 147\nChadview, ME 30532",calderondiane@example.org
2736,Amy Bailey,"PSC 8388, Box 4935\nAPO AE 32881",rswanson@example.net
2737,Ann Greene,"32248 Teresa Meadow Apt. 773\nNew Suzannebury, AS 24481",wvang@example.com
2767,Derrick Morris,"6101 Williams Crescent\nLake Benjaminbury, DE 35147",wanda62@example.org
2769,Timothy Church,"174 Daniel Alley Suite 076\nCarpenterburgh, CA 39817",collinschristopher@example.org
2777,Michele Burke,"5696 Joseph Harbors\nShannonside, VT 38481",huffjessica@example.com
2781,Emily Lindsey,"PSC 0786, Box 7937\nAPO AP 32485",zfigueroa@example.com
2812,Melanie Galloway,"35430 Vazquez Turnpike\nJacksonside, AR 40862",libeth@example.com
2827,Ryan Munoz,"118 Pruitt Streets Suite 748\nWest Martha, NY 33967",rosetaylor@example.org
2828,Joshua Davis,"9510 Alexander Motorway\nWest Dustinberg, ND 36325",ericaboyd@example.net
2855,Derrick Bauer,"33982 Regina Rest\nWest Barbara, NH 96484",ryan14@example.net
2867,Kristin Harrison,"31150 Megan Curve Suite 872\nPort Heatherburgh, AZ 99787",bbrock@example.com
2877,Deborah Zimmerman,"4482 Graves Club Suite 911\nAnthonyview, OK 30719",iansmith@example.org
2880,Colleen King,"9419 Corey Ford Suite 611\nAndersonchester, MI 32487",burnettcharlene@example.org
2888,Laura Guerra,"518 Bates Junction\nSalazartown, NE 32214",victoriamoore@example.net
2891,Shannon Reed,"33292 Thomas Mountain Suite 667\nEast Bruce, IA 20596",castillosherry@example.org
2896,Desiree Robinson,"PSC 1609, Box 9817\nAPO AA 37742",bbuchanan@example.org
2902,Wesley Robinson,"1538 Santiago Track Suite 657\nWallaceside, CT 38033",hilltiffany@example.net
2906,Paul Molina,"1977 Dixon Burgs Apt. 529\nWilsonhaven, DE 33231",kterry@example.net
2912,Erik Sanchez,"0587 Jerry Ranch\nEast Hannahhaven, OH 32774",wilkersontanner@example.com
2920,William Sanford,"3461 Nicole Passage\nPort Markhaven, MH 35113",robert84@example.org
2931,Rebecca Mendoza,"8989 John Court Apt. 858\nNew Randallborough, VT 32022",larryjohnson@example.org
2941,Anne Gonzalez MD,"39718 Brown Roads Apt. 393\nNorth Jennabury, MP 96868",woodchristopher@example.org
2946,Samantha Patel,"630 Jones Courts Apt. 723\nNew Melissaport, MO 38149",tylerwiggins@example.net
2961,John Lowe,"31084 Devon Alley\nMurilloport, AR 87820",ebates@example.net
2967,Christopher Wilson,"822 Nancy Forge\nCarlosview, MA 39710",megan15@example.com
2971,Janet Hicks,"9163 Mitchell Field\nWest William, CA 31181",stephaniebrooks@example.net
2976,Rebecca Lozano,"308 James Freeway Suite 539\nEricaborough, AS 36627",fmoses@example.net
2978,Olivia Paul,"351 Rose Pine Suite 454\nAlyssaton, FL 36234",fgrant@example.org
2982,Thomas Rivera,"2431 Harrison Brooks Apt. 808\nNew Benjamin, OR 33851",mwilson@example.com
2984,Amy Gardner,"34453 Chapman Greens Suite 151\nWest Alyssaborough, WA 46662",uwoods@example.org
2987,Douglas Martinez,"39609 James Lodge\nWilliamfort, MH 90604",adamsmonica@example.org
3030,Drew Smith,USS Morris\nFPO AE 33878,marythompson@example.com
3039,James Rivers,"37124 Cassandra Mountains\nPort Eddieborough, RI 10047",lee62@example.com
3041,Kelly Cohen,"38355 Watson Branch\nBenitezfurt, IN 33996",hernandezbrian@example.org
3043,Alexander Martinez,"2379 Rachel Mountain Suite 039\nNorth Williamshire, KY 39588",megan63@example.org
3071,Alexandra Jones DVM,"2234 Page Corners\nCynthiashire, RI 33109",heather42@example.net
3075,Scott Obrien,"31960 Meyers Mountains\nJosephborough, VA 13265",nicholascummings@example.org
3080,Marcus Richards,USS Jackson\nFPO AP 37819,jstevenson@example.org
3086,Jason Turner,"527 Smith Avenue Suite 638\nMccannhaven, PA 36235",asmith@example.net
3090,Daniel Chen,Unit 6973 Box 6523\nDPO AE 31561,dmoran@example.net
3107,Susan Espinoza,"PSC 6896, Box 3258\nAPO AA 36227",markwhite@example.org
3115,Elizabeth Hayden,"33667 Medina Crest Suite 120\nEast Stephen, ID 01409",kellycaldwell@example.org
3120,Brenda Hernandez,"4824 Jefferson Roads\nSouth Jamesside, IN 31169",garyandrade@example.org
3129,Justin Nelson,"PSC 7819, Box 6228\nAPO AA 36709",rvasquez@example.net
3133,Cheryl Morris,"36328 Christian Fall\nNew Davidshire, ID 93766",davidheath@example.com
3136,Gregory Knight,"816 Campbell Orchard\nNorth Davidview, MS 34000",mosleykeith@example.org
3137,Veronica Duffy,"39463 Helen Prairie\nWest Deborah, OK 38210",andreasanders@example.com
3140,Scott Ritter,USS Clarke\nFPO AE 31238,fcollins@example.org
3148,Michael Edwards,"497 Stone Street\nNicholasville, IA 35710",diamond79@example.com
3155,Stephen Cruz,"5245 Jillian Expressway Suite 909\nGranttown, IL 34109",costamark@example.org
3169,Katherine Morgan,"3094 Yoder Harbor Apt. 015\nJohnstad, WA 30403",toddmaxwell@example.com
3171,Karen Ward,"6967 Smith Locks Suite 629\nMarthaview, NH 34201",egonzales@example.org
3183,Jacob Snow,"35508 Tammy Ville\nPort Andrea, FM 41001",bradleyamy@example.org
3188,Rhonda Zamora,"33568 Carla Ways Apt. 101\nVargasside, MI 81081",anthonywall@example.com
3192,Scott Johnson,"963 Mcbride Glen\nDavidborough, AR 39227",katieharris@example.net
3259,Hunter Dean,"PSC 2877, Box 4356\nAPO AA 34708",peterjohnson@example.org
3263,Victoria Thornton,"4146 Jeffrey Lock Suite 898\nSouth Rebecca, WA 32229",bakerpatricia@example.net
3276,Laura Lane,"31093 Stout Mill Suite 451\nNorth Jamesside, PW 98394",monica97@example.com
3285,Diane Thornton,"38929 Matthew Ridge\nLake Joy, SD 51324",brycethompson@example.com
3316,Megan Scott,"2904 Deleon Forge Apt. 196\nCollinsport, NJ 31947",natalieflynn@example.org
3321,David Todd,"PSC 0022, Box 4846\nAPO AE 34834",ubrown@example.org
3329,Jennifer Webb,"33480 Joel Wells Suite 918\nSouth Matthew, UT 56335",james26@example.org
3346,James Brewer,"644 Richard Mills Suite 886\nJonesside, VT 30717",hannahruiz@example.net
3368,Micheal Austin,"33700 Gutierrez Square Apt. 561\nNicholsonhaven, SD 06356",vshaw@example.org
3379,Kelly Bailey,"34078 Patrick Lights Suite 823\nJohnshire, LA 43779",yhays@example.org
3403,Kara Baker,"143 Schwartz Ramp Suite 349\nNorth Michaelport, KS 38667",markfox@example.org
3423,John Harding,"1695 Hawkins Summit Suite 963\nSouth Nathaniel, FM 37703",nicholas11@example.com
3424,Danny Peterson DDS,"35093 Thomas Island\nEast Raymondside, AL 63224",jenniferblack@example.com
3429,Rhonda Burgess,"580 Long Island Apt. 299\nLake Ryanton, AL 38212",jeremiah14@example.com
3438,Danielle Pineda MD,"35893 Fernando Orchard\nNorth Dawnmouth, AL 77015",grodriguez@example.org
3451,Fernando Armstrong,"471 Mackenzie Key Suite 358\nCooperport, FL 31773",latoya75@example.com
3464,Michelle Small MD,"583 Holly Plaza Suite 139\nMillerborough, IL 31069",stantontara@example.org
3489,Kevin Schaefer,"PSC 4926, Box 6950\nAPO AP 39653",jeremiah24@example.org
3492,Jordan Carr,"35376 Patrick Spurs Suite 912\nEast Kristie, MN 50604",lauren47@example.com
3515,Timothy Gonzalez,"7363 Bradley Dam Suite 702\nLake Alejandra, PR 39725",danieltrevino@example.org
3516,Rachel Ward,"856 Michael Stravenue\nNorth Brandi, MP 33448",ejones@example.org
3518,Judy Steele,"9342 Preston Island\nBrianatown, VI 32762",ugolden@example.net
3540,Lisa Cox,"310 Wayne Landing Suite 761\nSouth Madeline, MD 32586",pmcpherson@example.com
3545,Alexis Martinez,"35043 Amanda Ford Apt. 733\nLake Jay, GU 86730",qmiller@example.com
3556,Ricky Simpson,"313 Allison Inlet Apt. 905\nSouth Alexa, CT 37144",robert46@example.com
3558,Jose Stevens,"34597 Sherri Shores Suite 991\nNorth Robert, GU 82559",leslie04@example.org
3606,Patricia Taylor,"PSC 0812, Box 1691\nAPO AA 33163",xarias@example.com
3630,Steven Black,"133 Sarah Rest Suite 916\nSouth Kelly, MT 31162",dballard@example.com
3645,Eric King,"36871 Fuller Isle Apt. 403\nPort Davidberg, MP 98582",breynolds@example.org
3646,Stephanie Gonzalez,"073 Evelyn Bypass Apt. 383\nWest William, MD 37724",jessica54@example.net
3678,Christopher Craig,"3730 Christine Way\nWest Nathanielburgh, NH 38759",tammyjohnson@example.net
3685,Jessica Riggs,"34673 Hahn Lodge Apt. 499\nLake Charles, SD 45758",sramirez@example.com
3703,Patrick Davis,"9573 Walker Mountains Suite 475\nHenrymouth, FL 32601",adamskathleen@example.org
3746,Tanya Gross,"37999 Joseph Run\nRosalesville, AZ 36546",michaelcalhoun@example.com
3796,Christine Valenzuela,"38578 Larsen Turnpike\nWyattfort, GU 53135",suarezdavid@example.com
3828,Jeremy Cook,"154 Courtney Lights\nEast Cynthia, RI 36634",mcdonaldvictoria@example.net
3844,Carrie Camacho,"PSC 6252, Box 6704\nAPO AA 34452",garrett30@example.org
3851,Amy Walker,"36021 Kane Fork Apt. 166\nKimhaven, CO 10584",nkirk@example.com
3858,Renee Velez,"1300 Henry Causeway Apt. 473\nChangshire, CA 31659",zsmith@example.com
3860,Michele Green,"903 Hanson Islands Apt. 477\nWest Elizabethtown, MA 31937",charlesrush@example.org
3862,Kimberly Vargas,"35575 Kelly Ports\nMatthewhaven, WV 61934",tnovak@example.com
3866,Erik Hernandez,"7717 Jones Ranch\nRyanfort, AS 37761",mark06@example.org
3867,Joseph Nash,"7014 Christian Corners\nSouth Brandi, OH 39044",jjones@example.net
3877,Susan Bauer,"2909 Taylor Prairie\nNew Nicolebury, CT 36519",brian34@example.net
3893,Keith Gates,"39045 Jeff Vista\nNorth Jill, MN 33669",apage@example.org
3899,Jessica Cook,"155 Perez Trafficway\nLindsaytown, NV 33574",ejohnson@example.org
3902,Denise Davis,Unit 9660 Box 3155\nDPO AP 35827,kschwartz@example.net
3904,Mark Zamora,"31679 Jackson Trail\nCarloschester, VA 57654",loganjeffrey@example.org
3912,Teresa Ruiz,"36279 Price Square\nWrightchester, NE 92989",vevans@example.com
3915,John Fowler,"9297 Holmes Row Suite 302\nAnitatown, DE 34362",ftyler@example.net
3919,Richard Webster,"6735 Jenkins Plaza\nRogersview, NH 33798",webbcharlotte@example.com
3937,Angela Hoffman,"473 Michael Islands\nEast Corey, TN 35252",jwright@example.com
3942,Steve Miller,"9101 Mark Forge\nTarashire, NY 38465",tburke@example.com
3955,Andrew Young,"855 Travis Greens Suite 952\nWest Megan, NM 37441",daviessamuel@example.net
3958,Erin Friedman,"3083 Johnson Forks Suite 134\nJohnsonville, IL 39702",qgreene@example.net
3976,Tiffany Dyer,"5283 Gamble Isle\nStephensshire, CA 31354",petersonkelsey@example.org
3977,Meredith Rivera,"38557 Danielle Ranch Suite 784\nHerreraborough, NC 33001",davisjimmy@example.com
3993,Terry Meyer,"37321 Villa Street\nLake Renee, MT 70866",jennifer89@example.net
3994,Thomas Young,"5814 Craig Junction Apt. 790\nJessicaborough, TN 30721",christopher73@example.net
4006,Kaylee Martinez,"32615 Hall Union Apt. 270\nLake Jessica, TN 86550",derek73@example.com
4017,Andrew Leon,"7995 Smith Hills Apt. 267\nMeyershaven, GA 32318",wlewis@example.com
4018,Christopher Williams,USCGC Smith\nFPO AP 37909,iparker@example.org
4021,Jose Marquez,"3533 Samantha Throughway Apt. 468\nEast Kimberlyshire, ME 38984",johnmedina@example.net
4026,Michael Byrd,"931 Andrew Spur Apt. 004\nAlisonshire, PW 33050",suttonmitchell@example.net
4059,Kevin Bennett,"9580 Morales Bypass\nMatthewchester, AZ 38944",fevans@example.com
4067,Zachary Anderson,"4024 Morales Prairie Suite 038\nNew Jonathan, IA 31737",wmatthews@example.com
4070,Tammy Wells,"8074 Gibson Burgs Apt. 252\nNew Daniel, DE 37874",uhernandez@example.org
4083,John Hampton,Unit 3473 Box 5298\nDPO AA 32241,walkerjoseph@example.com
4095,Shawn Taylor,Unit 0953 Box 2185\nDPO AA 30748,tammywood@example.com
4115,Maria Miller,"2810 James Mews Apt. 572\nNorth Michaelborough, GA 33155",johnsonkathy@example.org
4120,Melanie Roberts,"30842 Taylor Cove\nDevinmouth, NH 19587",vward@example.org
4136,Albert Brown,"9468 Lisa Ranch\nPort Sean, AL 36972",mhayes@example.net
4151,Edward Dixon,"35002 Darren Underpass\nNew Lisa, OH 19524",erinedwards@example.net
4155,Valerie Baker,"9404 Christine Station\nEllenmouth, NE 39770",znelson@example.com
4160,Kelly Davenport,"6974 Corey Extension\nCoreyberg, PA 39263",joseph55@example.com
4161,Michelle Adams,"7611 Johnson Springs Apt. 166\nMatthewbury, GU 30300",robert55@example.com
4165,William Bishop,"2265 Joseph Corners\nNathanshire, HI 37804",rodriguezjohn@example.org
4171,Samantha Marquez,"702 Ashley Ways\nCampbellmouth, GA 37874",khill@example.com
4172,Michael Gonzalez,"1969 Brooks Mountains\nHaleyburgh, IN 32968",rebeccabrooks@example.com
4174,Jamie White,"279 Melissa Parkway Suite 055\nAshleetown, OK 38579",kimanthony@example.com
4176,Mary Lee,"2353 Angela Wall\nRodriguezchester, VA 36254",tina55@example.com
4187,Madison Johnson,Unit 1226 Box 7489\nDPO AP 34511,perezgavin@example.net
4190,Maureen Mcmahon,"30495 Corey Burg\nNew Heidi, MA 68680",deborah22@example.org
4214,Kevin Dean,"8193 Jackson Green\nPort Edwardton, WA 35687",felicia49@example.org
4221,Thomas Fields,"683 Vargas Street\nPort Arthur, DE 34895",jeanne40@example.net
4239,Christina Ford,"9507 Brown Isle\nWoodardberg, NE 39789",elopez@example.net
4257,Michael Jones,"570 Cook Ridges Apt. 326\nNorth Charles, PA 31916",brandon73@example.net
4258,John Mclaughlin,"909 Anderson Drive Apt. 140\nKimberlychester, KY 36581",patricia74@example.org
4262,Jordan Lopez,"4753 Church River Suite 073\nWest Mary, NJ 35760",gjackson@example.com
4268,Mark Oconnell,"221 Black Fall\nSouth Brittney, NM 39170",greenerobert@example.net
4285,Mr. Gregory Underwood,"34688 Donna Forge\nEast Danielle, NY 65870",wolson@example.org
4291,Jessica Lucas,"35482 Erin Unions\nMariofort, IL 16377",melissa41@example.org
4376,Luis Jones,"5965 William Viaduct\nSouth Samuel, PW 31094",brianstewart@example.net
4379,Barry Landry,"37489 Jennifer Club\nLewisfort, TX 96071",marywilson@example.org
4415,Michael Lucas,"042 Diana Path\nParksshire, MT 35528",linda59@example.net
4446,Heather Mosley,"31835 Carney Brooks Suite 042\nNorth Katiefurt, ME 43402",jenkinsalfred@example.net
4449,Thomas Drake,"9759 Heather Lights\nNew Teresaburgh, NJ 33682",thampton@example.org
4475,Darryl Salazar,"1281 John Run Suite 298\nWest Thomasberg, CO 34290",ericacampbell@example.net
4485,Austin Rangel,"074 Norris Skyway\nCooperfort, KY 38443",bbaldwin@example.org
4504,Kristin Anderson,"9496 Jensen Port\nWest Philipton, CT 39542",phutchinson@example.com
4526,Brian Smith,"546 Jill Estate Apt. 272\nSouth Benjaminhaven, WI 32038",smithalexis@example.net
4539,Brian Waller,"177 Michael Landing Suite 747\nWest Johnhaven, FL 34837",chobbs@example.org
4546,Zachary Mathis,"846 Ponce Turnpike\nLake Jeffville, AR 31576",lestersamuel@example.com
4550,Jonathan Cole,"39281 Dale Village Apt. 627\nLake Ashley, GU 64870",mollycross@example.net
4570,Amy Johnston,"2924 Aguilar Hills Apt. 006\nTimothychester, MS 31329",mary47@example.com
4576,Kathleen Cannon,"9375 Doyle Walks\nPort Erika, MP 38592",jdaniels@example.org
4595,Roger Huffman,"953 Kenneth Fall Apt. 023\nDavidshire, MP 33765",casejack@example.net
4604,Alyssa Cooper,"30836 Randall Stravenue Apt. 524\nEast Sandy, NH 21701",xmartinez@example.org
4612,Jason Santiago,"34734 Holmes Cove\nSouth Nathaniel, ME 09077",jenniferbarry@example.org
4613,Nicholas Thompson,Unit 3610 Box 5191\nDPO AA 30533,kristy05@example.net
4614,Terry Gonzalez,"555 Rose Lights Suite 122\nCarolville, KS 32126",kathy08@example.com
4627,Ashley Johnson,"6762 Morgan Well\nSeanhaven, CA 37580",vasquezstephen@example.net
4629,Daniel Allen,"2928 Cohen Trafficway\nSouth Michaelland, IL 30516",spencergarrett@example.com
4634,Bridget King,"36374 Huynh Hollow\nSouth Michael, NM 99380",debrahardy@example.net
4655,Rebecca Lozano,"698 Sheila Trail\nAlyssahaven, TX 30704",tyler88@example.com
4681,Jason Dyer,"34847 Snow Port Apt. 356\nNew Melanieport, CA 27432",wbrooks@example.org
4693,Catherine Howell,"35603 Robert Curve\nNorth Heatherhaven, NY 55102",daniel42@example.org
4694,Douglas Lopez,"302 Megan Plains\nPort Karen, CO 36597",smithbryan@example.com
4702,Martin Martinez,"625 Simmons Spur\nTorreshaven, WY 37330",wayne54@example.net
4707,Alison Fitzgerald,"PSC 2448, Box 2495\nAPO AE 34968",fbaker@example.org
4715,Mary Stone,"2981 Bishop Drive Apt. 281\nJoneschester, WA 32834",bobby24@example.org
4724,Mark Hernandez,"4451 Green Mount\nEast Travis, AK 37146",jenkinsalyssa@example.com
4730,Madison Wheeler,"31862 Bryan Inlet Apt. 363\nCatherineview, VA 20313",ahernandez@example.net
4743,Gregory Thompson,"8069 Melissa Lakes\nJoshuaberg, SD 35966",thomas59@example.com
4748,Kenneth Walters,"9088 Perkins Forks Apt. 087\nWest Davidfort, FL 33046",brittany10@example.net
4751,David Williams,"662 Angela Avenue\nJamesland, FM 32935",jacksontammy@example.org
4757,Margaret Hernandez,"260 Scott Route\nWest Christopherton, IL 31114",keith37@example.org
4759,Eric Carter,"31980 Kelly Brooks\nMarvintown, NV 53525",wjohnson@example.net
4780,Henry Lamb,"852 John Row Suite 941\nWhitefurt, CO 35194",kleinjames@example.com
4800,Patricia Lane,"6630 Erickson Roads Suite 839\nWest Donald, MN 34135",williamssteven@example.com
4805,Kenneth Hawkins,"PSC 8178, Box 7040\nAPO AP 31690",stacey89@example.org
4808,Russell Martin,"30087 Brown Oval\nJameston, IN 84616",alanharris@example.org
4838,Richard Bennett,"34268 Foster Meadows\nSouth Katie, WI 80452",rachel97@example.org
4844,Abigail Hill,"34423 Taylor Valley\nJenniferside, CA 69164",franklinraymond@example.com
4849,Lauren Wiggins,"1210 Joshua Corner\nPort Kevinmouth, MS 39273",michaelfoley@example.org
4868,Tyler Johnson,USCGC Norris\nFPO AA 31825,williamsjoshua@example.net
4874,Heather Owens DDS,"731 Maldonado Prairie Apt. 392\nSouth Katherine, NC 34140",andersonwilliam@example.org
4892,Aaron Carpenter,"688 Rice Trafficway\nMedinashire, MS 34482",alexpierce@example.com
4961,Carla Haynes,"0486 Donald Brook\nBrucebury, KS 34143",zduncan@example.org
4969,Paul Snyder,"090 Charles Oval\nLake Patrickfurt, NE 38093",kimtimothy@example.com
4985,James Mullins,"5123 Mitchell Knoll\nEast Karen, IN 31709",mckinneymelissa@example.net
4999,Kimberly Liu,"122 Hill Lakes Suite 342\nNew Ronald, MH 39798",cainhenry@example.net
5020,Daniel Sanchez,"5342 Angel Cape\nBonniebury, VI 34676",dchan@example.com
5061,Phillip Fowler,"9364 Spears Tunnel Suite 357\nFrankland, CO 39208",nicholasreynolds@example.com
5067,James Miller,"618 Tina Mall Suite 368\nNicolemouth, DE 30050",marygilbert@example.com
5082,Shawna Ward,"39569 Veronica Lakes Apt. 300\nNew Theresaport, NC 34166",agarza@example.net
5114,Matthew Smith,"9761 Randall Corners\nPriceville, UT 31286",smithbenjamin@example.com
5129,Nicholas Wolf,"36808 Michael Ridge Suite 905\nNew Kaitlynchester, UT 78116",ymartinez@example.com
5153,Clayton Myers,"PSC 8874, Box 6419\nAPO AA 33765",cameronjones@example.com
5171,Jesse Santiago,"818 Amanda Inlet Apt. 640\nWest Brett, KY 33512",jongarcia@example.org
5173,Steven Hernandez,"5134 Nicholas Spurs\nEast Kathyborough, MD 32233",debrabowman@example.net
5188,Robin Haney,"30273 Lindsay Prairie Apt. 928\nNorth Tiffany, LA 83700",hdavila@example.net
5208,Michelle Barr,"937 Gordon Inlet Suite 993\nKramerborough, OH 35851",bbrock@example.net
5216,Natalie Shaw,"421 Buckley Tunnel Apt. 602\nMillerhaven, AK 33238",wfarmer@example.com
5228,Nicholas Morton,"38275 Pena View\nEast Brendaville, MO 74235",mary44@example.org
5238,Jennifer Jensen,"35999 Donald Via Suite 904\nLoweryshire, VA 94844",zhobbs@example.com
5257,Dominic Ortega,"155 Richard Parkway Apt. 764\nNew Brandonton, AS 39129",barkerkristin@example.net
5263,Cynthia Crawford,"PSC 8491, Box 2505\nAPO AE 36767",smithheather@example.org
5264,Brenda Martin,"839 Hawkins River Apt. 926\nScotttown, WV 38588",kenneth12@example.org
5275,Lauren Jensen,"36556 Wagner Mountain\nSouth Roger, ID 36393",crosbyjoseph@example.net
5282,Darrell Mendoza,"7217 Natasha Isle\nSouth Charleschester, VT 34153",christinegonzalez@example.org
5301,Lisa Rich,"582 Monica Stream\nChristopherport, TX 34921",lisa38@example.net
5311,Adrian Bradley,"918 Regina Pine\nRonaldfurt, ND 33043",jimmy39@example.net
5314,Shannon Ferguson,"641 Miller Ports\nSouth David, ID 31346",jeff81@example.net
5319,Brittany Mercer,"900 Peters Glens Apt. 015\nNew Eriktown, PR 39306",smithjuan@example.org
5321,Michael Rangel,"0712 Joseph Lane\nDanielburgh, UT 33891",hoovercatherine@example.com
5322,Lori Lee,USCGC Hines\nFPO AP 32108,kfrancis@example.net
5337,Alicia Dunn,"30457 Eric Crescent\nRickeymouth, TX 64684",brett14@example.com
5359,Derek Obrien,"169 Rachael Forges\nRodriguezshire, OH 39703",dgonzalez@example.org
5365,Michael Lin,"37682 Gray Ports\nNorth Davidstad, MO 21421",carrie92@example.net
5370,Clinton Carpenter,"579 Catherine Square Suite 034\nChandlerview, WV 30753",igriffin@example.net
5384,Caitlin Allen,"664 Wells Trail\nSouth Brittanyfort, UT 36483",pwheeler@example.com
5400,Brittany Sherman,"36925 Angela Brook\nPort Michaelmouth, IN 99416",awhite@example.net
5402,Gary Burch,"0219 Dylan Meadows\nPerkinsberg, IN 36689",ihall@example.net
5404,Dawn Flores,"239 Tina Village\nJanetberg, GA 36338",cherylsanders@example.com
5410,James Gonzalez,"357 Rodriguez Trafficway\nNew Joannland, NH 33578",rodney63@example.com
5429,Joseph Garcia,"36456 Patel Meadows Suite 785\nWest Elizabethside, NE 34172",tking@example.com
5449,Diane Guerrero,"35009 Rachael Land Apt. 008\nSouth Christopherchester, ID 79087",mvasquez@example.net
5459,Anthony Lawson,"9323 Dawn Row\nPort Nicholas, MP 36318",khowell@example.org
5465,Monica Bryan,"0048 Christopher Plaza\nLake Jessica, NY 31489",leejuan@example.org
5469,John Ramsey,"878 Morrow Viaduct Suite 112\nSarahstad, CO 34054",ocarter@example.org
5478,Cynthia Jacobs,"39575 Katie Gateway Suite 489\nEast Michealmouth, OH 14436",ubaker@example.net
5490,Judy Tyler,"692 Katherine Roads Suite 153\nSouth George, WY 36904",haley50@example.org
5496,Kristin Smith,"8851 Jonathon Key Suite 591\nMarkmouth, NY 32985",arnoldlaurie@example.org
5501,Erica Cabrera,"PSC 2218, Box 3194\nAPO AA 31401",robertsmith@example.org
5502,Madeline Gonzales,"36421 Jennifer Rapids Suite 309\nEast Mark, MA 32854",smithedward@example.net
5506,David Hinton,"0019 Michael Squares\nPort Paulshire, WY 30540",jacob71@example.net
5513,Anthony Brown,"3728 Keith Islands Apt. 466\nNorth Mollyhaven, CO 36336",hortonpamela@example.com
5515,Ryan Galloway,"823 Alexander Viaduct Apt. 180\nSouth Bradleyville, MD 31273",gsanchez@example.org
5522,Mr. Justin Brown,USCGC Johnson\nFPO AE 36621,ybrown@example.org
5523,Misty Romero,"36480 Fowler Forks Suite 612\nJeremyside, TN 49427",todd02@example.org
5530,Tracy Robinson,"30645 Esparza Trail\nPort Steven, IN 89316",emilyholmes@example.org
5546,Steven Wilson,"9528 Hall Pines Apt. 472\nNorth Isaac, MI 36307",zjimenez@example.org
5550,Nathan Wright,"700 Jones Land Suite 917\nCookburgh, NM 32770",grimesrichard@example.net
5554,Sheila Stone,"280 Michael Road Apt. 963\nLake Cynthiastad, PA 32944",nhatfield@example.com
5557,Ricardo Martin,Unit 1606 Box 8579\nDPO AE 31061,stephanieclark@example.com
5566,Sara Watkins,"224 Hopkins Junction Apt. 939\nEast Darlene, VT 39199",williamsjacob@example.com
5593,Barbara Harvey MD,"6451 Green Freeway\nPort Craigmouth, NV 31082",hwilson@example.com
5604,Rhonda Perez,"37042 Morales Highway Suite 285\nSouth Lisa, PW 84442",mitchellmichelle@example.org
5610,Colin Vazquez,"5414 Nicholas Circles\nDanielfort, CO 34602",janice03@example.net
5612,Sarah Strong,"31075 Laura Groves Apt. 305\nRitterburgh, PA 47982",nzamora@example.com
5625,Jennifer Walls,"33949 Catherine Burgs Suite 713\nTrevorstad, ID 42718",zwilliams@example.org
5627,Bryan Huffman,"0670 Kari Camp\nLindseyside, DE 32296",reynoldsstephanie@example.org
5646,Kathleen Harvey,"453 Lawson Mountain Apt. 677\nLake Thomasbury, WA 34013",henrycatherine@example.com
5651,Pamela Mcclain,Unit 4940 Box 3008\nDPO AP 38811,johnanderson@example.net
5679,Faith Foster,"33906 Powell Ranch\nNorth Kathryn, CA 81360",lunabrian@example.net
5681,Andrew Cook,"33094 Craig Skyway Apt. 041\nKaylaport, DE 97703",ginaweaver@example.org
5688,Kathryn Pope,"PSC 3725, Box 5965\nAPO AA 39272",dennismelissa@example.com
5695,Dana Logan,"7482 Gregory Cliff\nPort Rebeccaside, MS 31234",jeffreysolis@example.org
5701,Anthony Porter,"35786 Alejandro Inlet Apt. 956\nNew Meredith, PR 08643",ybooth@example.net
5703,Theresa Hebert,"381 Wong River Suite 172\nNorth Elizabeth, MT 32926",raymondchoi@example.org
5709,Grant Olsen,"4530 Trevor Creek\nSouth Stephen, GA 30171",mistyware@example.net
5716,Andrew Schmidt,"38740 Jackson Crossing Apt. 435\nEast Mariaborough, MP 89129",brendagould@example.org
5729,Dr. Billy Wolfe,Unit 5939 Box 4928\nDPO AE 35768,garzasteven@example.net
5737,Richard Black,"38861 Michael Center\nMichaelview, FM 25903",btorres@example.org
5750,James Peters,"398 Tyler Light\nElizabethport, ID 39513",gtaylor@example.org
5761,Miguel Williams,"39401 Robert Path Suite 143\nSouth Jenniferchester, IL 37185",michaelthompson@example.com
5768,Sarah Lopez,"37038 Kenneth Causeway\nEast William, NV 49593",carpenterdiana@example.com
5774,Christopher Burns,"34590 Stacy Meadows\nNew Danielchester, AK 73035",lhenson@example.org
5776,Nathan Sanchez,"33718 Matthew Trail Suite 196\nWardhaven, WA 75436",derrickporter@example.org
5777,Colleen Holmes,"020 Williams Circle\nCunninghamfurt, NM 30680",bgould@example.net
5779,Kevin Walker,"30559 Sean Cove\nMichaelton, CA 82747",jasonsmith@example.org
5782,John Harding,"293 Hoffman Villages Apt. 452\nNorth Sandraside, TN 30064",greyes@example.com
5795,Patricia Odonnell,"4642 Ann Stream Apt. 177\nPort Alejandroshire, OR 35749",ashelton@example.com
5799,Samantha Jennings,"32391 Harris Cape Apt. 333\nKennethtown, MD 38687",john16@example.com
5810,Kristen Bowman,"984 Ronald Ports\nSamuelport, IA 33356",laura80@example.com
5812,Erin Johnson,"406 Kimberly Plains\nSantiagoberg, GA 38545",jordan63@example.net
5817,David Alvarez,"39761 Mary Station\nNorth Ryan, ID 72065",patrickchavez@example.com
5823,William Schneider,"8854 Robert Mount\nNew Eric, TN 38528",ylamb@example.org
5825,Sabrina Johnson,"32335 Becker Neck\nAndrewland, VT 76185",richardarnold@example.org
5839,Ruben Smith,"654 Jonathan Port\nJasonport, MP 36088",alice66@example.com
5849,Richard Davis,"5341 Mcmillan Parkway\nMartinezberg, VT 37321",ann80@example.com
5850,James Becker,"6938 Tiffany Parkways\nNorth William, ME 31755",marieanderson@example.com
5861,Jacob Lester,"454 Flores Rest Suite 902\nEast Williamfort, MP 33378",carrolldaniel@example.com
5871,Diana Moreno,"048 Trevor Route\nNew Jose, OR 30815",qsalas@example.com
5873,Mrs. Susan Morgan,"279 Smith Road Suite 658\nWest Aprilfort, OR 31518",amber64@example.com
5877,Mr. William Edwards,"8397 Ward Glens\nTraceyland, MS 33316",tannerthomas@example.com
5886,Christina Welch,"3737 Melanie Inlet\nPort Christineshire, MI 38108",xwright@example.com
5889,Gregory Cummings,"594 Williams Spur\nWest Cindymouth, WY 35220",rhumphrey@example.net
5900,Donald Beltran II,"35049 Walker Track\nNorth Kristinport, MD 80449",samantha01@example.org
5905,Jeffrey Roman,"33721 Lambert Island\nRodriguezberg, ID 42342",spotter@example.net
5908,Michael Weaver,"5479 Mark Turnpike Suite 763\nAndrewstown, MN 32987",emcdonald@example.net
5920,Melissa Ford,"820 Soto Loaf\nWangborough, CT 39754",ealvarez@example.com
5951,Sarah Guerra,"592 Anna Ridges Apt. 209\nWest Sara, NE 37457",peterskenneth@example.com
5955,Matthew Walker,"2673 Eric Lock Apt. 076\nEast Robinmouth, MI 33251",dgarcia@example.net
5963,Alexis Martinez,"30309 Cameron Forges\nGoodburgh, PA 39926",fullermelinda@example.org
5972,Gary Villarreal,"729 Cameron Brooks Suite 727\nSmithborough, UT 31816",crawfordteresa@example.com
5978,Brianna Wall,"38867 Mcmillan Pine Suite 034\nDaniellemouth, FM 34594",kelsey46@example.org
5997,Kelly Vaughn,Unit 9276 Box 6986\nDPO AA 36635,klinecarrie@example.org
6013,William Evans,"608 Graham Flat\nSouth Davidburgh, SD 38316",matthew46@example.net
6014,Michael Robinson,Unit 3879 Box 7083\nDPO AE 30821,campbellanna@example.net
6020,Keith Morgan,"2595 Kidd Center\nWest Jenniferport, MH 32334",kentdavid@example.com
6023,Kenneth Jackson,"1401 Sara Villages Apt. 135\nKarinabury, VT 34471",vkaufman@example.net
6029,Theresa Marshall,"30888 Cannon Brooks\nMcgeeside, HI 82543",john94@example.org
6041,Jeremy Marks,"PSC 2808, Box 7689\nAPO AP 34196",pagenatalie@example.com
6057,Jordan Mitchell,"2597 Nicholas Center\nWest Timothybury, WI 35157",lisa89@example.org
6059,Meghan Jones,"6014 Nguyen Port Apt. 115\nWest Roberthaven, SC 38190",pmartinez@example.com
6073,Michael Franklin,"33686 Hernandez Shores Suite 350\nMunozberg, CO 11449",derrickwest@example.org
6076,Jackson Diaz,"32290 Clark Circles Suite 913\nVincentport, DE 55287",tschneider@example.net
6086,Michael Howell,"33161 Gary Isle Suite 334\nPaulmouth, SC 53102",bryan03@example.net
6097,Stephen Mitchell,"624 Torres Roads\nNorth Jonathanville, MS 38175",gina32@example.net
6117,Rachel Bennett,"042 Elizabeth Drive Suite 256\nSouth Kevin, OR 33284",duncanjulie@example.net
6121,Roger Stewart,"7924 Cunningham Knolls Suite 321\nSouth Carolyn, VA 36643",elang@example.net
6148,Kevin Burgess,"0072 Thompson Crossroad Suite 100\nNorth Ashley, MI 36504",sara80@example.net
6149,Becky Lee,"796 Austin Throughway\nWest Marvinland, WI 34458",hocharles@example.com
6155,Crystal Berry,"30126 Villanueva Avenue\nNew Joelside, IN 43221",tara12@example.com
6177,Mr. Gary Evans,"5827 Thomas Fields Apt. 387\nMirandaborough, GA 30351",crossolivia@example.org
6205,Kristen Sanders,"7521 Harrison Burg\nNew Deborah, ND 35648",dennismoore@example.net
6207,Helen Moore,"39993 Hannah Lane Suite 760\nSouth Ericfort, WY 45075",nmiller@example.net
6208,Benjamin Carrillo,"5834 Noble Corner Apt. 830\nEast Erin, RI 30265",kathrynflores@example.com
6210,Katie Long,"996 Thomas Summit\nHernandezstad, IA 31783",rodgerschristopher@example.net
6220,Jasmine Woodward,"9902 Todd Fork Apt. 053\nJacksonborough, WI 39219",elizabeth59@example.org
6223,Mary Hess,"3105 Shawn Trace\nGrayfurt, SD 35444",nicolegray@example.org
6233,Tammy Walsh,"36679 Zoe Union\nLake Trevorside, MP 13985",robinsonchristopher@example.net
6238,Sheila Wilson,"PSC 8997, Box 3892\nAPO AE 32884",meadowsjoseph@example.com
6245,Cynthia Watson,"293 Wilson Locks\nEast Amber, VT 38214",masseykendra@example.com
6261,Nicole Nunez,"2444 Smith Stravenue\nValeriefurt, WV 37564",georgestrickland@example.com
6264,Mr. Walter Anderson,Unit 1350 Box 3669\nDPO AP 39127,kirkmelissa@example.net
6268,Gerald Olson,"38466 Schaefer Springs\nAndersonfurt, TX 23381",cobbanthony@example.net
6273,Danielle Olson,"4062 Chaney Court Suite 424\nOconnorborough, SC 31260",gsteele@example.net
6284,Elizabeth Moore,"31859 Baker Way\nLucasville, IA 92154",smithwilliam@example.com
6296,Danielle Brown,"0238 Anthony Fort\nPort Johnstad, RI 32636",johnsonmarcus@example.com
6308,Tiffany Stewart,"1483 Jeremiah Hills\nWest Wandafort, KS 39966",leeanderson@example.net
6316,Michelle Miller,"3048 Simpson Valley\nEast Reneefort, OR 34463",jefferyjames@example.net
6325,Peter Russo,"101 Amanda Place Suite 666\nLake Michael, NJ 33992",irobertson@example.org
6336,Nicole Martin,"459 Morris Walks\nNew Scott, CO 32141",byrdsusan@example.net
6337,Krystal Ramirez,"7552 Michelle Stravenue Suite 598\nLake Anthony, HI 39252",ffloyd@example.com
6340,Sarah Reyes,"464 Lee Valley\nDeborahmouth, SD 39339",tnelson@example.com
6342,Lindsey Walker,"35748 Leslie Street\nGarciaview, MT 50959",martinezmarcus@example.org
6379,Alexis Hebert,"33569 Guerrero Terrace\nLake Adamborough, MS 24995",debbiesmith@example.org
6386,Michelle Duncan,"37163 Robinson Street Suite 162\nEast Melanie, NJ 27536",christinehughes@example.net
6397,Meghan Johnson,"4383 Osborne River\nMcleanstad, NJ 37226",yorkchristopher@example.org
6398,Julia Vega,"38465 Michelle Streets Suite 024\nDavidfurt, ID 00525",sserrano@example.org
6399,Jody Jimenez,"952 Timothy Rapid Suite 900\nNorth Peggy, MD 35361",kristinahanson@example.net
6416,Alyssa Young,"5569 Michael Roads Suite 479\nPort Jeffrey, NJ 31659",samuel26@example.net
6421,Joshua White,Unit 2681 Box 5679\nDPO AP 30412,ecobb@example.net
6424,Tyler Hale,"4982 Ramirez Mountain\nJessicachester, AL 34430",tammy69@example.net
6427,Mrs. Jessica Newman DDS,"38819 Kyle Fork\nThomasborough, AL 99423",lmartin@example.net
6452,Cheyenne Novak,"30894 Aaron Loop Suite 029\nMaryside, WY 63867",rebecca69@example.net
6475,Randy Tran,"31866 Timothy Roads Apt. 431\nLake Brett, MN 56857",michael55@example.org
6482,Amber Vazquez,"34898 Gibson Manors\nPort Marcus, MA 66886",jackthomas@example.org
6492,Natasha Sanchez,"5671 Flores Underpass Suite 077\nNew Kathryn, FL 30070",etucker@example.com
6496,Lindsay Walters,"35522 Smith Parkways\nSouth Kevintown, AS 49236",anthony36@example.net
6507,Bradley Williams,"5535 Nicholas Pine Suite 639\nPort Kelseyville, MD 31343",dbrown@example.org
6530,Brendan Montoya,"34355 Angela Overpass\nMaxbury, PR 82165",johnsonjustin@example.net
6535,Caitlin Richard,"37600 Powers Row Suite 697\nSouth Katieville, RI 55347",nlee@example.com
6539,Anthony Williams,"1029 Brown Village\nAlanbury, NM 36938",greenstephanie@example.org
6541,George Russell,"991 Kevin Ridges\nMelaniemouth, ID 31564",kaylamason@example.com
6545,Kathryn Stephens,"448 Carson Locks Suite 808\nCervantesland, MD 33094",brent67@example.org
6582,Renee Guzman,"38615 Johnson Skyway Apt. 532\nWilliamshaven, IN 21945",donna28@example.net
6586,Jennifer Blair,"PSC 5751, Box 7977\nAPO AP 36802",colemanmaria@example.net
6600,Christina Lamb,"31322 Vanessa Lakes\nLynnview, NJ 18808",darrencooke@example.net
6609,Brittany Taylor,"30920 Macias Valley\nElizabethside, PR 32984",carlosturner@example.com
6613,Erik Barry,"021 Lindsey Road\nLake William, WY 31915",frankjohnson@example.com
6619,Janice Proctor,"32252 Stokes Trafficway\nEast Veronicaberg, MT 13877",palmerjames@example.com
6633,Gary Johnson,"771 Fischer Coves\nChristopherstad, FL 34956",murphydana@example.net
6646,Anthony Hoffman,"7328 Roberts Branch\nWest Traciland, FM 37389",williamsondawn@example.net
6647,Jeffery Schmidt,"8549 Amanda Harbor Apt. 864\nDebraside, RI 39163",lori18@example.org
6649,Joseph Bailey,"608 Edwards Plains Suite 136\nPort Kevin, DC 36778",jocelyn03@example.org
6653,Michael King,"858 Jennifer Island Suite 663\nEast Carl, IA 39811",jtrujillo@example.org
6672,Christopher Burnett,Unit 7822 Box 3036\nDPO AE 33032,zachary26@example.net
6684,Mr. Jeffrey Olson,"300 Jones Neck\nMartinezton, NC 31444",mckenzielinda@example.org
6685,Shane Hayes,"0907 Wright Meadow\nHawkinsbury, OK 38751",jessica78@example.net
6697,Jennifer Bailey,"33450 Jennifer Route\nDwayneside, FM 03729",philip38@example.net
6747,Jonathan Strong,"31113 Mills Loaf Suite 376\nJonesmouth, RI 18834",ucurry@example.com
6772,Larry Berg,"38840 Johnson Island Apt. 632\nSmithmouth, TN 59157",xfoster@example.org
6774,Veronica Anderson,"7601 Michael Spurs\nStevenmouth, AL 34868",travisjackson@example.net
6778,Nicholas Huff,"3718 Hernandez Centers Suite 929\nWhitebury, VI 35231",miranda23@example.net
6792,Carl Ramirez,"38099 Petersen Circles\nWest Marcuschester, WA 43066",uperez@example.net
6794,Brandon Ortega,"236 Harris Wall\nJustinstad, WY 38736",kathrynallen@example.net
6824,Jason Brown,"779 Kim Viaduct\nJohnland, DC 34675",laurajones@example.org
6855,Phillip Merritt,"769 Casey Passage Apt. 477\nPort Juliebury, ID 39783",stephenbradley@example.net
6863,Kathleen Hernandez,"35693 Madden Pine Suite 217\nNorth Jamie, GA 29137",amanda69@example.org
6875,James Ruiz,"0466 Emily Road\nBrandonfurt, MA 33597",nicholasmarshall@example.net
6881,Sharon Dean,"8500 Long Hill Suite 625\nSeanland, KS 31116",vreyes@example.net
6903,Peter Barton,"0094 Melissa Heights\nLopezborough, IL 38125",michaelescobar@example.org
6907,Stacey Moore,"677 Kelley Plaza Suite 406\nSouth Paulville, MA 33988",adam53@example.com
6936,Joshua Robinson,"37524 Daniel Extensions\nNew Brandonfurt, RI 79958",qbutler@example.net
6946,Terry Collins,"918 Bennett Corner Apt. 518\nLake Karen, NE 34731",rhodesjennifer@example.com
6950,Tabitha Bruce,"6894 Nathan Gardens Suite 132\nNorth Jennyburgh, NE 32261",kennethpetty@example.org
6957,Wanda Smith,"8512 Morrison Neck Suite 003\nPatrickmouth, KS 39122",wthomas@example.com
6969,Jeremy Walker,"884 Kenneth Keys Apt. 003\nPort Michelleberg, ID 34541",jonathanwilliams@example.net
6974,Brian Mason,"4909 Martin Motorway Apt. 563\nSouth Wendyshire, MH 38612",catherinehamilton@example.org
6983,Jasmine Murray,Unit 8653 Box 8604\nDPO AE 33313,sarah12@example.org
6994,Mary Hill,"242 Friedman Turnpike Suite 260\nCarrtown, IN 32712",cooksteve@example.net
7011,Katie Koch,"36398 Katherine Island\nSouth Rachelmouth, MN 39730",welchteresa@example.net
7026,Ann Smith,"716 Jennings Fork Suite 389\nWest Kenneth, WY 34820",carlos51@example.org
7040,Kelly Rasmussen MD,"973 Susan Oval\nNew Matthew, IA 37015",edwardssherri@example.com
7046,Angela Anderson,"007 Michelle Islands\nNicoleton, NH 31884",eugene11@example.net
7082,David Phelps,"5089 Forbes Mall Suite 255\nJameschester, DE 38087",suepatrick@example.com
7083,Lauren Wallace,"180 John Rue Suite 784\nNorth Colleen, LA 38160",ujefferson@example.org
7107,Lee Zamora,"32148 Angela Vista\nWrightbury, VA 88207",ataylor@example.net
7125,Jennifer Garner,"199 Andrea Ferry\nEast Michael, VT 30781",anthonyperez@example.net
7127,Pamela Hensley,"455 Rebecca Port\nJustinville, GA 31654",msanders@example.com
7145,Cole Adams,"9147 Lauren Meadows\nPort Stevenshire, TN 31062",yolanda76@example.net
7155,Wesley Clark,"34614 Fry Pike Suite 599\nSouth Michael, CA 05552",uward@example.net
7157,Jennifer Andrews,"3869 Heath Motorway\nWongmouth, OR 35369",achen@example.com
7159,Cynthia Robles,"PSC 5666, Box 2953\nAPO AP 34946",patrick94@example.com
7167,Mark Sutton,"3606 Blackwell Extension Suite 717\nWest Sarah, NM 32078",ibarrajohn@example.org
7176,Amber Carter,"5638 Garrett Mission Apt. 128\nSouth Michaelhaven, NM 39570",taylorgriffin@example.net
7189,Elizabeth Baker,"589 Joshua Unions\nEast Donnamouth, AL 34567",navarrojessica@example.net
7190,Kristi Beck,"33842 William Well Apt. 842\nSouth Emily, MH 90516",nelsonnicole@example.net
7198,Randall Wood,"36361 Carlson Tunnel Apt. 822\nNew Veronicafort, MI 54748",rbishop@example.com
7210,Tracie Khan,"6094 Peter Summit\nWest Destiny, CT 33858",cruzchristopher@example.net
7245,Anna Williamson,"PSC 0328, Box 7881\nAPO AE 38117",ngray@example.com
7260,Charles Hanson,"548 Marc Center Suite 790\nWest Debra, IA 39231",lance61@example.net
7261,Lori Robertson,"3204 Jason Station\nJohnsonburgh, OH 33857",eharris@example.net
7264,Dennis Byrd,"187 Moss Dale Apt. 570\nBlackmouth, NE 30088",eric15@example.org
7281,Stephen Williams,"056 Anderson Meadow Apt. 546\nPort Mark, KY 35095",denisewallace@example.net
7284,Wayne Wood,"575 Gibbs Expressway Suite 848\nEast Evelynberg, NJ 31189",zdavis@example.com
7292,Kimberly Aguirre,"33286 Bell Mills Apt. 220\nJodimouth, OR 06253",mindypope@example.org
7300,Tracy Russell,"32081 Kenneth Squares\nWest Traceyview, NE 71625",dunnjoseph@example.org
7311,Brady Soto,"7962 Justin Ports Apt. 842\nRamosmouth, NE 34293",alexishull@example.net
7327,James Matthews,USS Schneider\nFPO AA 36438,anthony09@example.com
7360,Javier Davis,"9378 Ryan Ridges\nDavidsonside, WA 32848",anneking@example.org
7386,Jasmine Barber,"9276 Ortiz Station\nEast Kayla, AZ 36926",john20@example.net
7388,Thomas Clark,"758 Mary Village Suite 033\nSingletonville, PW 32436",aaron12@example.net
7398,Eric Webster,"122 Hunt River Apt. 242\nSouth Sarah, MO 33860",spencematthew@example.com
7403,Ashley Rodriguez,"412 Kendra Ridge Apt. 640\nLake Annahaven, AL 35433",afrancis@example.com
7405,Daniel Solomon,"2518 Chase Walks\nDawsonport, NJ 30674",jacob26@example.net
7406,Robert Cruz,"30550 Melissa Rue Suite 361\nRobertton, MT 88233",espinozasteven@example.org
7411,Amanda Hughes,"37060 Robert Mall Suite 397\nPetersenside, MD 68225",martinlauren@example.net
7413,Michael Stone,"32248 Vincent Prairie Suite 411\nWareshire, RI 83981",krystal92@example.net
7439,Anna Young,"5201 Makayla Mountain Apt. 192\nWest Victoria, WY 38181",dbest@example.com
7472,Rose Whitney,"1682 Leach Trail\nPort Danieltown, LA 35144",martinezmelissa@example.net
7481,Elizabeth Rogers,"618 Corey Key Apt. 069\nNew Ronaldstad, GU 39370",fhughes@example.org
7484,Maria Anderson,"PSC 4544, Box 9425\nAPO AP 33885",michael02@example.org
7511,Edward Sanders,"31308 Clark Rapids Apt. 980\nShannonside, LA 66027",moorejoshua@example.org
7515,Kelli Moore,"38996 Rhodes Viaduct\nLake Bonnie, NJ 25084",shawn58@example.net
7517,Jessica Whitaker,"37057 Gonzalez Courts\nLake Matthewborough, VI 26883",benjamin20@example.com
7519,Dr. Nancy Welch,"968 Yvonne Greens\nGregoryborough, LA 39439",lisapeterson@example.org
7531,Judy Vaughn,"30561 Gregory Square\nEast Julieport, PA 48123",kbrown@example.org
7532,Samantha Mccann,"252 Medina Branch\nNuneztown, WI 32358",cassandraduarte@example.com
7543,Kenneth Baldwin,"36494 Barrett Square\nLake Diane, RI 91617",steven91@example.org
7576,Jacob Murphy,"212 Nicholas Square Suite 741\nNorth Emily, GA 39066",jordanjeremy@example.org
7577,Kimberly Ramirez,"7797 Vasquez Islands\nMeadowshaven, CO 36377",qsanchez@example.net
7604,Nicole Ibarra,"35280 Jennifer Mountains Apt. 148\nLeahville, PR 78970",calebdorsey@example.com
7618,Shelby Morrow,"8321 Carlson Motorway\nDominguezport, NM 33394",rodriguezkaren@example.net
7635,Andrew Elliott,"36863 Jackson Forks\nEvansberg, KS 52112",gwright@example.net
7656,James Schmitt,"246 Owens Haven\nMelissamouth, PA 36311",kstewart@example.com
7666,Lauren Moore,"064 Hubbard Drive Suite 994\nWest Jacob, MT 33970",michaelsmith@example.com
7680,Jacqueline Turner,"063 Patton Avenue Suite 245\nPort Moniquestad, AZ 30945",sharonburke@example.com
7683,Daniel Moss,USNS Grimes\nFPO AE 38767,ndavid@example.org
7686,Brandon Johnson,"2048 Montes Forge Suite 137\nEast Coryburgh, IN 30661",timothybowers@example.com
7709,Blake Powers,"022 Meredith Pines\nJimmymouth, TN 31558",timothywhite@example.org
7714,Jeffrey Bartlett,"929 Carly Port\nSouth James, NC 39002",whitelaura@example.net
7721,Pamela Parker,"5495 William Extensions\nNorth Melissa, IA 37986",george83@example.net
7729,Jeremy Henderson,"3183 Nicholas Rest\nNorth James, NV 34606",christopherbush@example.com
7793,Jon Anderson,"3386 Galloway Cove\nBushfurt, RI 31583",rodriguezteresa@example.com
7799,James Garza,"1291 Morrison Wall\nWest Randall, CO 30210",william24@example.com
7801,Linda Hill,"31596 Cline Lights Suite 486\nNorth Seanstad, MA 32332",gomezanita@example.com
7807,Melissa Sandoval,"PSC 4731, Box 9397\nAPO AE 37395",amandatate@example.org
7809,Heidi Zimmerman,"9734 Jodi Hollow Apt. 076\nGomezhaven, VT 33840",donald03@example.org
7810,Eric Cole,"30900 Day Pines\nWalkerborough, AL 84525",bball@example.com
7818,Jacob Carrillo,"30684 Karina Harbor Apt. 835\nDonaldtown, MP 42168",castanedaamber@example.org
7824,Tyler Freeman,"36680 Brown Cliff Suite 026\nWilkinsonmouth, HI 34092",silvashawn@example.com
7826,Toni Valdez,"3958 Nathan Field\nWilliamsberg, ID 39751",robleslawrence@example.org
7842,Christina Kirby,"7182 Mary Skyway\nEast Claudia, MI 35392",pennybarnett@example.net
7843,Belinda Gordon,"1562 Moore Crossroad Suite 132\nFerrellmouth, NJ 37446",karenrodriguez@example.org
7849,Deborah Roberts,"1817 Jade Rest Suite 673\nAnthonyside, NH 33783",james70@example.com
7875,Jeffrey Johnson,"36581 Valerie Pike Suite 381\nMarshallfort, AL 49329",emilyvasquez@example.org
7923,Scott Hammond,"241 Grant Loop Suite 072\nWendyborough, AS 36695",gonzalezvincent@example.net
7931,Daniel Calhoun,"0242 Walker Lights Apt. 082\nNew Charlesshire, IL 39347",deborah45@example.org
7968,Elizabeth Phillips,"1534 Martinez Rue\nStephensfort, RI 37509",mjohnson@example.org
7973,Juan Ortiz,Unit 2801 Box 0520\nDPO AE 39267,cathy19@example.org
7975,Christopher Barry III,"195 Madison Views Apt. 256\nSouth Danielland, MN 33378",fcollins@example.net
7989,Dr. Samantha Porter,"4876 Andrews Plains Apt. 209\nPort Nicholas, MT 34141",lindseyyoung@example.org
8034,Dr. Ashley Jenkins,"0872 Bowman Glen\nFowlerburgh, CA 38824",joseph97@example.net
8041,Heather Schultz,"617 Natasha Street Apt. 295\nWest Jaimechester, MS 31749",cleonard@example.net
8045,Jill Mcintyre,"0682 Summer Points Suite 551\nCodyville, NV 33979",nguyenharry@example.org
8067,Christopher Hunt,Unit 2619 Box 2560\nDPO AP 35515,sarahspencer@example.net
8088,Christopher Rice,"720 Keith Plains\nNew Davidbury, MI 33994",paul55@example.org
8089,Joseph Gentry PhD,"30004 Joseph Hills Suite 931\nFernandeztown, GA 21280",tara00@example.com
8094,Brett Reynolds,"4867 Joshua Highway Apt. 877\nEast Lindashire, GU 37461",martinbianca@example.net
8099,Heather Abbott,"878 Phillip Highway\nYuview, PW 39992",ujefferson@example.org
8132,Valerie Thornton,"PSC 9045, Box 8436\nAPO AE 38268",charrison@example.net
8136,Casey Ortega,"31466 Tyler Curve\nAnnaburgh, OK 31491",karenperez@example.com
8163,Joseph Hoffman,"5398 Thomas Mount\nWest Dustin, TN 39198",alan10@example.com
8165,Michele Williams,"PSC 2888, Box 8438\nAPO AP 35818",ghendrix@example.org
8180,Melanie Hopkins,"32825 Joanne Circles Apt. 978\nGibsonmouth, NY 49728",longconnie@example.org
8182,Ross Peterson,USS Dominguez\nFPO AE 33797,cathydavidson@example.org
8218,Kyle Shaw,"736 Richard Drives\nRobertton, NC 38787",blane@example.net
8226,Stephen Flores,"30369 Rodriguez Shore Suite 564\nSouth Jenniferchester, KY 72177",jessica92@example.com
8255,Robert Jones,"32634 Diaz Track\nWest Brianchester, DE 52333",manuelmiller@example.net
8272,Michelle Jacobs,"878 Daniel Landing\nLake Cindy, AK 33149",marshallalicia@example.com
8288,Peter Tran,USS Edwards\nFPO AE 35034,jgilmore@example.com
8295,Christopher Johnson,"302 Morrison Flats Apt. 204\nWalterport, DE 33830",etrujillo@example.org
8328,George Arnold,"36614 Silva Loop\nNew Tracifort, MS 28993",daniel45@example.net
8329,Brenda Moore,USCGC Hernandez\nFPO AP 33669,cookhannah@example.org
8332,Richard Shaffer,USNS Conley\nFPO AA 37351,abbottkyle@example.net
8351,Gregory Hall,"9213 Ray Road Apt. 233\nLake Kathryn, KS 30016",tgutierrez@example.org
8356,Sarah Ryan,"31312 Ellis Groves\nPatriciafort, HI 77746",melissa13@example.net
8360,Shelly Thompson,"38439 Megan Parkways\nNorth Christopherport, CO 93239",ryan86@example.net
8390,Kara Gonzalez,"37843 Terri Trace Suite 313\nNorth Robert, IA 65096",karengreen@example.net
8395,Jeffery Case,USNS Yoder\nFPO AE 37956,smithbrian@example.com
8402,Kristy Chandler,"9409 Perry Roads Apt. 048\nNorth Carolynland, NY 39816",nicholasshea@example.com
8420,Kim Kim,"7982 Joseph Springs Suite 230\nSouth Laurentown, OK 32017",coxtony@example.net
8440,Melissa Jacobson,"38793 Roberts River Suite 858\nNorth Susan, NV 90943",cody74@example.net
8443,Sharon Wood,"9673 Samantha Prairie Suite 381\nWilsonfurt, MA 36070",qlambert@example.com
8456,Brianna Zuniga,"069 Kevin Terrace\nWendyfort, GA 38617",amandamontgomery@example.com
8460,Raymond Bright,"37238 Doyle Cape Apt. 673\nPort John, WV 88203",troy58@example.org
8472,Shannon Taylor,"0717 Yang Island\nPort Glenda, DC 33771",youngsteven@example.org
8513,Tonya Franco,"198 Hansen Burgs Suite 324\nSchwartzberg, ID 30895",zacharychung@example.com
8527,Melissa Brown,"34581 Wendy Meadow Suite 033\nShawnview, AZ 18539",owendavid@example.com
8553,Kyle Stewart,"32015 Shaffer Vista Apt. 971\nPort Josephhaven, OR 68714",adamharrison@example.org
8593,Mark Morris,"30905 Antonio Grove Apt. 327\nSouth Staceyburgh, OR 20279",mary86@example.com
8599,Kimberly Smith,"6206 Richardson Shores\nRamirezberg, GA 32555",patrick62@example.com
8605,Lynn Cannon,"6486 April Pines Suite 355\nEast Hannahmouth, LA 32255",johnsonvincent@example.org
8611,Taylor Fischer,"094 Underwood Hills\nSouth Stephen, PR 32491",latasha06@example.net
8613,Douglas Hodge,"4242 Peters Road Suite 307\nWest Valerieport, MI 32136",randy92@example.com
8623,Norman Barber,"599 Hunt Squares Suite 921\nSalazarside, DE 33114",twarren@example.net
8640,Edward Martin,"37527 John Expressway Apt. 673\nNorth Timothyville, ND 24242",belldavid@example.org
8662,Jasmine Ellis,"106 Michelle Center Suite 637\nNorth Wesleyport, FM 30612",mwells@example.net
8665,Jessica Sanchez,USNS Martin\nFPO AA 34544,trandenise@example.org
8669,Shane Hill,"32412 Kelly Orchard\nPaulhaven, UT 72615",bryancarter@example.net
8678,Stephen Maldonado,"265 Chad Lock Suite 220\nSouth Jeffrey, IL 37361",lindacombs@example.com
8709,Matthew Browning,"952 Madison Prairie\nJoshuastad, MO 34582",lorinichols@example.org
8758,Andrew Johnson MD,"37688 Dana Gateway\nBarnettview, OR 68936",vreed@example.com
8762,Larry Brown,"4177 Wagner Isle\nWademouth, WY 37027",hailey77@example.net
8797,Christopher Nelson,"37832 Watkins Divide\nWest Thomasville, IN 92859",emily35@example.org
8798,Vickie Pacheco,"7778 Davis Fort Apt. 186\nMossstad, DE 39977",rosedavid@example.com
8812,Amy Perez,"30938 Thomas Valleys Apt. 296\nJackberg, ME 25685",petersonderek@example.net
8849,April Scott,"8745 Mark Mountains\nWilliamsmouth, NJ 37482",norma20@example.net
8850,Mr. Matthew Brown DVM,"505 Clarke Lights\nMartineztown, OK 38700",williamsonabigail@example.com
8862,John Wang,"39458 Peter Rue Suite 790\nPort Lauraview, VT 11566",thompsonnicholas@example.net
8875,Steven Pierce,"0432 Jason Rue Suite 714\nRossland, IL 33597",vwarren@example.net
8887,Angela Willis,"39407 Weiss Inlet Apt. 038\nWellsfort, MA 52561",donaldlambert@example.org
8891,Jennifer Figueroa,"782 Williams Common\nNorth James, AK 36046",bcarlson@example.org
8906,Deborah Smith,"9672 Misty Road Apt. 954\nPort Taylorfort, AR 31325",jjohnson@example.org
8930,Cassandra Parker,"100 Garrett Avenue\nCastilloside, KS 38480",lisa41@example.org
8931,Mrs. Anna Ho MD,"9512 Christopher Cliff\nNorth Danielshire, WA 39064",alisonmoon@example.net
8934,James Friedman,"7903 Jones Ramp Suite 326\nDavisfort, NE 34953",palmeranthony@example.com
8947,Sharon Grant,"36952 Douglas Dale Suite 263\nWest Debra, CA 90528",joshuagilbert@example.org
8948,Cassandra Smith,Unit 5083 Box 6478\nDPO AA 31561,ecoleman@example.net
8970,Jason Rosales,"853 Johnson Streets\nLake Diane, OH 38892",briannabarber@example.org
8986,Steven Wilson,"8130 Carol Cliffs\nMorganton, TN 39882",talexander@example.org
9000,Arthur Davila,"32677 Shea Pine Suite 911\nAvilamouth, NV 45176",jacob94@example.net
9032,Kyle Anderson,"32810 Fisher Squares Apt. 650\nWest Julianstad, DC 91360",jeffrey96@example.org
9039,Rebecca Brown,"36390 Blevins Crescent\nNew Lauren, NC 84924",samanthamitchell@example.com
9041,Jeffrey Frye,"5779 Koch Extensions Suite 579\nPort Kathrynbury, LA 32767",jonathan82@example.org
9045,Joel Hernandez,"33123 Seth Stravenue\nWhitehaven, OH 55981",reneemcdowell@example.org
9053,Susan Blake,Unit 3319 Box 0399\nDPO AE 31346,dariussmith@example.net
9062,Cheryl Myers,"9405 Li Crossroad\nEast Stephanie, NV 33727",marisa43@example.com
9068,Laurie Burns,"5688 Matthews Garden Suite 130\nPort Carriemouth, NC 31022",anna69@example.org
9075,Dr. Timothy Romero MD,"788 Whitney Fords\nNorth Patricia, DC 38753",sullivansamantha@example.com
9078,Patrick Brown,"6910 Ewing Hill Apt. 556\nNorth Jenniferville, AK 35621",rtaylor@example.com
9088,William Berg,"173 Kyle Lake\nWilliamschester, KY 32246",fmartinez@example.net
9089,Paula Ortiz,"35639 Mckay Lane\nEast Nicole, ME 33324",mariahdavis@example.com
9092,Gloria Sosa,Unit 6246 Box 4567\nDPO AP 33560,ufry@example.com
9105,Samantha Martin,"887 Joseph Plains Apt. 303\nBradleyview, VI 35991",diana81@example.net
9112,Miss Erin Wallace,"9397 Miranda Drive\nNew Donaldburgh, AS 36551",alexandrafreeman@example.net
9130,Stacy Robbins DVM,"949 Todd Brook Suite 375\nWest Joshuamouth, MI 34261",xkeller@example.com
9152,Dr. Travis Frey II,"PSC 0865, Box 6116\nAPO AE 36478",timothy47@example.org
9166,Peter Hudson,"30656 Jennifer Lakes Apt. 302\nFisherbury, VI 03964",caguilar@example.org
9170,Jessica Roberson,"31455 Wheeler Corner Apt. 460\nPort Pamela, NV 10730",andersonrachel@example.org
9172,Dr. Derek Garcia,"931 Michael Rest Apt. 738\nNorth Sydneyton, ND 30363",hollymiles@example.org
9184,Tracy Brown,"36726 Blankenship Island Apt. 121\nBeardmouth, MH 33782",vgilbert@example.net
9201,David Lowe,"2909 Jennifer Manor Apt. 002\nWest Daniellestad, FM 31660",russelljoseph@example.com
9236,Allison Peterson,"587 Garcia Ferry Apt. 749\nBrooksborough, DC 34543",barrettchristopher@example.net
9249,Jason Bates,"34165 Robert Cliff\nEast Brittanyberg, ME 51540",knightandrew@example.net
9252,Amy Molina,USS Kelly\nFPO AE 31565,nelsonjohnny@example.net
9256,Kaitlyn Thomas,"30945 Justin Well Apt. 471\nNorth Kevin, NC 16540",omiller@example.com
9272,Carlos Powell,"37815 Lewis Village\nNew Madelinestad, MI 40268",joycegarcia@example.net
9282,Michael Parker,"150 Kane Harbor Apt. 054\nNorth Anthonyborough, NY 39268",grantkyle@example.net
9283,Maria House,"968 Downs Island Apt. 237\nNew Matthew, PR 38837",brownamy@example.net
9285,Courtney Parker,"7162 Casey Union\nMccoyberg, NM 32760",jeffery14@example.net
9303,Lucas Burton,"598 Ayers Forges Apt. 440\nCostaburgh, KS 33718",qjones@example.com
9308,Mary Bailey,Unit 1754 Box 4098\nDPO AA 34630,uanderson@example.net
9311,Laura Stevens,"7635 James Mission\nSouth Sarahshire, DE 36920",mirandaroberts@example.org
9313,Joel House,"PSC 0323, Box 4316\nAPO AA 31524",katie66@example.net
9320,Deborah Wells,"34943 Smith Run\nWest Nicholastown, DC 96655",joshuapatterson@example.com
9350,Ryan Hart,"2673 Chen Camp\nHillborough, VT 39703",frazierrebecca@example.com
9375,Stephanie Lindsey,"208 Amy Prairie\nNorth Jennifer, CT 30212",wgray@example.net
9384,Elizabeth Silva,USNV Hernandez\nFPO AP 38118,daniel61@example.org
9387,John Montoya,"0964 Erica Curve\nSouth Marcusburgh, NY 33170",lflores@example.com
9396,Samantha Key,"985 Palmer Green\nSouth Frankview, IL 33059",pedro88@example.net
9406,Michael Smith,"244 Fletcher Drives Apt. 905\nSouth Megan, ND 34432",stephanie61@example.net
9423,Yolanda Sanchez,"5030 Tracy Course Apt. 697\nLake Williamchester, NY 39604",kristineowens@example.net
9425,Molly Terrell,Unit 0772 Box 1202\nDPO AP 38468,maynardpatty@example.org
9439,Ashley Ingram,"024 Pamela Summit\nAndrewstad, NY 34906",collinsrachel@example.org
9440,Casey Ray,"33210 Nguyen Ville\nWallaceville, PR 19831",johnnydixon@example.com
9470,Jennifer Maldonado,"32631 George Neck Apt. 600\nBrooksshire, MH 27518",delacruzmartha@example.org
9477,Laura Ward,"6753 Lee Mountains Suite 700\nFisherside, AK 35608",stafforderik@example.net
9480,Dawn Hudson,"0489 Hopkins Lodge\nEast Peter, TN 34212",andrewharrison@example.org
9500,Courtney Duran,"31895 Andrew Harbors Apt. 047\nRobertsland, PW 31956",anthonyadams@example.com
9501,Donna Gonzalez,"6227 Flores Plaza\nWest Charles, AZ 35305",david18@example.net
9511,Mrs. Theresa Schultz,"8936 Adkins Run\nEast Steven, NV 33412",lori52@example.org
9516,Chad Berry,"890 Michael Throughway\nLake Jesseview, MI 34876",benjaminwarner@example.org
9520,Erin West,"123 Miguel Square\nWest Jackhaven, GU 32732",steven28@example.org
9526,Elizabeth Howe,"8295 Harris Well\nFrankside, PR 32309",richard42@example.com
9527,Ryan Thompson,"6971 Green Ville\nCampbellmouth, VA 31251",johnsoncarlos@example.com
9537,Brandon Cunningham,"37045 Chavez Junction\nBrittanyfort, ME 42605",portermichael@example.org
9573,Melissa Mccall,"PSC 2837, Box 2424\nAPO AE 35284",gmiller@example.com
9581,Victoria Barron,"39675 Mary View\nSouth Darlene, PA 38057",thomas26@example.net
9584,John Berry,"691 Sarah Crossroad\nDawnbury, VT 34283",brownaaron@example.org
9598,Micheal Perry,Unit 1687 Box 4732\nDPO AP 39865,dianeboyd@example.com
9599,Catherine Miller,"860 Travis Point\nPort Alanland, WY 38705",johngilbert@example.com
9609,James Leon,"0083 Gina Alley Apt. 193\nAguirreland, CT 35993",kwalker@example.net
9617,Adam Watson,"5884 Weaver Terrace Apt. 685\nMichaelton, WI 31625",emarshall@example.net
9628,John Burns,"0709 Rogers Keys Apt. 169\nSouth James, WA 35219",cookjohn@example.com
9654,Leslie Martin,"352 Murphy Mount\nSouth Brian, ID 32243",anthonymoore@example.org
9687,Christine Holmes,"3001 Reed Unions\nShieldsview, MH 35894",joseph18@example.org
9692,Benjamin Ashley,"563 Navarro Harbors\nNorth Edwardland, DE 33323",ehill@example.com
9694,Brian Williams,"4990 Davenport Street\nSandraland, FL 31789",ashley56@example.net
9699,Thomas Lopez,"3728 Freeman Ramp Suite 686\nLake Mark, KS 39360",rogerchandler@example.org
9707,Sean Barker,"37765 Jacobs Bypass Apt. 225\nNew Devinberg, ND 04471",jessicawilson@example.net
9724,Eric Pittman,"624 Logan Station Suite 007\nHollyhaven, MD 34818",mrussell@example.org
9727,Heather Wyatt,"PSC 4887, Box 5789\nAPO AA 34589",lopezcarolyn@example.net
9733,Misty Freeman,"32966 William Dale\nNorth Jaredport, AS 65673",npayne@example.org
9736,Christine Hernandez,"32100 Heath Meadow Suite 291\nRobertfurt, CA 14343",bakerjennifer@example.net
9746,Zachary Taylor,"0033 Michael Branch\nShieldsland, OR 37643",terri48@example.org
9747,Jennifer Porter,"212 Christina Islands\nLake Lucas, HI 33280",kyle27@example.org
9748,Rebecca Alvarez,"34825 Charles Lane Apt. 716\nJonesstad, KY 23433",teresawilson@example.net
9764,Joe Torres,"7175 Simmons Loaf\nWest Josetown, CA 35385",stevenaguirre@example.org
9792,Jocelyn Little,"052 Samantha Station\nHartmouth, PW 31734",victoriascott@example.com
9816,Andrew Shannon,"1003 Jeremiah Inlet Suite 553\nWest Michael, ME 30942",olsonmarc@example.com
9826,Karen Smith,"673 Meyer Mission\nLake Jeffreyberg, MO 37557",gjames@example.org
9843,Elizabeth Fox,"PSC 6493, Box 7437\nAPO AP 39045",morrisrebecca@example.net
9856,Wendy Conway,"34250 Kelly Key Suite 048\nVanessaside, FM 83123",marygriffin@example.com
9872,Diane Long,"36503 David Mills Suite 428\nNew Davidtown, KS 53630",amanda51@example.com
9886,Andrea Cox,"617 Michael Key Suite 949\nNew Brendanfort, ID 34266",jward@example.net
9892,William Kelley,"36075 Christine Knolls\nAnthonyside, WA 87018",dayallen@example.com
9896,Abigail Sullivan,USS Serrano\nFPO AP 39562,shaunleonard@example.net
9926,Theresa Valdez,"31817 Molina Motorway\nHancockberg, CO 21898",richardford@example.org
9930,Kelly Harding,"34477 Sara Path Suite 271\nSouth Andrea, HI 73133",janice17@example.com
9946,Michael Nguyen,"727 Smith Creek\nPort Sydney, DE 34264",poliver@example.org
9959,Rebekah Mason,"36653 Rosario Mill Apt. 259\nPort Shaun, KY 40312",cruzbeth@example.org
9961,Alicia Hicks,"837 Johnson Union\nSouth Sharon, AS 37750",ericgates@example.net
9978,Jason Brooks,"7568 Michael Shoals\nPamelastad, ME 36587",pratttommy@example.com
10000,Chelsea Scott,USCGC Johnson\nFPO AE 34895,stevenstephens@example.net
